10	487949
102	564860
107	501840
111	483324
116	539015
120	480499
125	488396
134	490347
139	489710
143	492055
148	445789
15	496899
152	533686
157	515390
161	461167
166	495600
170	489915
175	437610
184	435265
189	413838
193	507426
198	496511
201	485994
206	487993
210	409210
215	226553
224	399261
229	438088
233	454080
238	394409
24	533039
242	456824
247	453983
251	462607
256	523280
260	468093
265	457166
274	452769
279	457691
283	507456
288	430354
29	477380
292	549186
297	513937
300	468421
305	555745
314	473151
319	514297
323	475478
328	498122
33	569777
332	331610
337	463782
341	552655
346	507534
350	454088
355	478717
364	405705
38	535105
4	478437
42	458947
47	542291
51	512507
56	451955
60	564492
65	518309
74	559360
79	493779
83	468001
88	519004
9	457471
92	495549
97	461165
