100	503211
105	461076
114	500551
119	459114
123	550959
128	509311
13	442541
132	461193
137	533823
141	499524
146	384516
150	510309
155	477247
164	519795
169	467426
173	474408
178	504877
18	543734
182	422480
187	355218
191	474780
196	443449
2	393001
204	465257
209	415239
213	307260
218	448250
22	496005
222	445037
227	473544
231	397350
236	448491
240	444727
245	332266
254	501093
259	444748
263	523123
268	461769
27	470833
272	457888
277	520937
281	459784
286	462766
290	506341
295	466786
303	481728
308	448323
31	531161
312	528447
317	492095
321	464838
326	524547
330	438122
335	398089
344	478456
349	458267
353	496031
358	369596
36	482637
362	391307
40	392006
45	527476
54	584812
59	524890
63	466591
68	562200
7	407363
72	514843
77	458062
81	548247
86	486853
90	447157
95	554436
