103	555218
108	526055
11	521398
112	457622
117	538317
121	496654
126	468128
130	538311
135	508359
144	493125
149	479913
153	451758
158	532092
16	500065
162	473608
167	421987
171	499545
176	470671
180	490613
185	326471
194	468743
199	513766
20	459393
202	414532
207	483652
211	443487
216	202310
220	437140
225	449946
234	471247
239	422802
243	434550
248	467390
25	537188
252	451162
257	518170
261	484596
266	411837
270	502250
275	475182
284	516171
289	477305
293	473864
298	530999
301	432200
306	550253
310	483207
315	417822
324	493407
329	445802
333	373808
338	471838
34	472623
342	488180
347	543606
351	481726
356	403373
360	321895
365	467587
39	432643
43	503963
48	506209
5	473804
52	538079
57	496612
61	584654
66	538316
70	451483
75	574056
84	438928
89	504537
93	513864
98	440520
