1	412630
104	485706
109	544060
113	498802
118	467900
12	507429
122	523150
127	490805
131	540132
136	528160
140	466778
145	453460
154	452843
159	489509
163	486639
168	437845
17	512533
172	505615
177	487692
181	417927
186	353054
190	458674
195	435797
203	440457
208	457849
21	384614
212	459413
217	406380
221	489301
226	457843
230	390925
235	464484
244	384470
249	508640
253	483385
258	462795
26	557203
262	504010
267	435121
271	526082
276	496807
280	426030
285	524068
294	435562
299	536130
30	482378
302	463945
307	482847
311	508154
316	473987
320	538546
325	497944
334	433028
339	498220
343	452108
348	516303
35	457093
352	488390
357	385241
361	381837
44	524250
49	407104
53	558738
58	509033
6	403667
62	493312
67	545587
71	494922
76	493734
80	505003
85	460401
94	532590
99	477161
