101	525206
106	481130
110	570929
115	518574
124	554561
129	526752
133	460124
138	535926
14	443650
142	502907
147	336266
151	525606
156	497525
160	441053
165	507938
174	436668
179	506807
183	442300
188	358766
19	510530
192	495023
197	466846
200	515946
205	476404
214	236748
219	465632
223	195405
228	449766
23	520520
232	432545
237	400758
241	455453
246	422359
250	511269
255	503526
264	535226
269	484958
273	424431
278	538444
28	450789
282	484883
287	403416
291	526590
296	495387
3	441233
304	489417
309	467510
313	545002
318	506377
32	567076
322	425004
327	553845
331	447133
336	427094
340	530748
345	485363
354	520424
359	245723
363	407235
37	506443
41	459612
46	537129
50	456383
55	474783
64	493815
69	468337
73	552660
78	477028
8	441778
82	553332
87	512225
91	428997
96	533177
