.00	742615
.01	22558
.02	18550
.03	18078
.04	19071
.05	21642
.06	23187
.07	25140
.08	25909
.09	25923
.10	131119
.11	25337
.12	24732
.13	24099
.14	23605
.15	23423
.16	23163
.17	23006
.18	22803
.19	22334
.20	229561
.21	23589
.22	23928
.23	25054
.24	25855
.25	27693
.26	29079
.27	30786
.28	33006
.29	35023
.30	499764
.31	39288
.32	41641
.33	45282
.34	48475
.35	51857
.36	55248
.37	58089
.38	61583
.39	65512
.40	916886
.41	72247
.42	76920
.43	80436
.44	84910
.45	89308
.46	93668
.47	97528
.48	102107
.49	105666
.50	1363203
.51	114268
.52	118256
.53	121869
.54	126147
.55	128936
.56	131798
.57	136114
.58	140407
.59	144085
.60	1743881
.61	149460
.62	153826
.63	156620
.64	158384
.65	162004
.66	164463
.67	168193
.68	170828
.69	172923
.70	2016486
.71	176868
.72	180172
.73	182368
.74	184148
.75	186604
.76	186800
.77	189786
.78	190262
.79	193038
.80	2178087
.81	195631
.82	196828
.83	197748
.84	198259
.85	198989
.86	199023
.87	200655
.88	200169
.89	202147
.90	2239263
.91	201437
.92	201637
.93	203035
.94	203236
.95	203529
.96	203396
.97	203594
.98	203975
.99	204902
0	2359
1	49658016
1.00	2740741
1.01	205501
1.02	205662
1.03	204949
1.04	203733
1.05	203722
1.06	202738
1.07	201378
1.08	201149
1.09	201388
1.10	2179196
1.11	200608
1.12	199185
1.13	198362
1.14	198552
1.15	197654
1.16	196321
1.17	195878
1.18	195627
1.19	195349
1.20	2105397
1.21	193682
1.22	192559
1.23	192442
1.24	190301
1.25	189944
1.26	189670
1.27	189204
1.28	186438
1.29	186989
1.30	2002301
1.31	184573
1.32	184158
1.33	183065
1.34	182050
1.35	180732
1.36	179862
1.37	178948
1.38	177186
1.39	177273
1.40	1911437
1.41	177233
1.42	175972
1.43	174337
1.44	173315
1.45	172660
1.46	172459
1.47	171192
1.48	169967
1.49	169865
1.50	1812228
1.51	167167
1.52	166193
1.53	165661
1.54	165420
1.55	164337
1.56	162420
1.57	162165
1.58	160566
1.59	160219
1.60	1711655
1.61	158810
1.62	157678
1.63	156416
1.64	155544
1.65	155108
1.66	153590
1.67	153753
1.68	151669
1.69	151269
1.70	1602189
1.71	149440
1.72	147297
1.73	147434
1.74	146943
1.75	144988
1.76	143700
1.77	142938
1.78	142036
1.79	141377
1.80	1492406
1.81	139486
1.82	139219
1.83	138005
1.84	135628
1.85	134809
1.86	133634
1.87	133428
1.88	132180
1.89	131421
1.90	1391557
1.91	130703
1.92	129515
1.93	128515
1.94	126914
1.95	126681
1.96	125329
1.97	124379
1.98	123820
1.99	122537
10.00	80254
10.01	5895
10.02	5956
10.03	5873
10.04	5938
10.05	5905
10.06	5965
10.07	5688
10.08	5632
10.09	5729
10.10	59461
10.11	5914
10.12	5580
10.13	5687
10.14	5739
10.15	5790
10.16	5819
10.17	5778
10.18	5783
10.19	5576
10.20	58670
10.21	5804
10.22	5615
10.23	5614
10.24	5757
10.25	5660
10.26	5821
10.27	5744
10.28	5531
10.29	5539
10.30	57536
10.31	5642
10.32	5463
10.33	5456
10.34	5534
10.35	5473
10.36	5402
10.37	5471
10.38	5591
10.39	5563
10.40	57086
10.41	5566
10.42	5522
10.43	5616
10.44	5445
10.45	5596
10.46	5650
10.47	5612
10.48	5644
10.49	5544
10.50	56578
10.51	5673
10.52	5665
10.53	5598
10.54	5566
10.55	5649
10.56	5563
10.57	5407
10.58	5481
10.59	5406
10.60	53527
10.61	5475
10.62	5453
10.63	5428
10.64	5421
10.65	5392
10.66	5105
10.67	5277
10.68	5071
10.69	5138
10.70	51280
10.71	5124
10.72	5215
10.73	5051
10.74	5061
10.75	5048
10.76	5026
10.77	4924
10.78	4877
10.79	4856
10.80	49643
10.81	4845
10.82	4852
10.83	4777
10.84	4790
10.85	4791
10.86	4728
10.87	4891
10.88	4778
10.89	4680
10.90	47360
10.91	4669
10.92	4598
10.93	4718
10.94	4778
10.95	4579
10.96	4745
10.97	4791
10.98	4694
10.99	4599
100.00	36
100.60	1
100.80	2
1000.50	1
1000000.00	1
1000030.80	1
100051.10	1
1000510.00	1
1000511.30	1
1005.00	1
10050.30	1
100502.30	1
101.00	2
102.00	1
102.40	2
104.00	1
104.30	1
1040.00	1
1047.40	1
105.70	1
105.80	2
106.10	1
106.60	1
107.60	1
108.00	1
11.00	58738
11.01	4537
11.02	4491
11.03	4644
11.04	4516
11.05	4529
11.06	4578
11.07	4599
11.08	4460
11.09	4516
11.10	44626
11.11	4444
11.12	4451
11.13	4443
11.14	4345
11.15	4311
11.16	4370
11.17	4404
11.18	4352
11.19	4387
11.20	42962
11.21	4468
11.22	4247
11.23	4192
11.24	4359
11.25	4310
11.26	4126
11.27	4337
11.28	4341
11.29	4186
11.30	41686
11.31	4234
11.32	4201
11.33	4206
11.34	4247
11.35	4138
11.36	4167
11.37	4149
11.38	4223
11.39	4103
11.40	39958
11.41	4083
11.42	3997
11.43	3917
11.44	4048
11.45	3961
11.46	3950
11.47	3985
11.48	3960
11.49	3896
11.50	37762
11.51	3834
11.52	3773
11.53	3671
11.54	3776
11.55	3821
11.56	3558
11.57	3623
11.58	3428
11.59	3637
11.60	35775
11.61	3626
11.62	3511
11.63	3478
11.64	3519
11.65	3527
11.66	3524
11.67	3495
11.68	3581
11.69	3485
11.70	33661
11.71	3411
11.72	3304
11.73	3338
11.74	3250
11.75	3207
11.76	3275
11.77	3213
11.78	3199
11.79	3231
11.80	32472
11.81	3187
11.82	3230
11.83	3226
11.84	3223
11.85	3194
11.86	3248
11.87	3146
11.88	3082
11.89	3035
11.90	31810
11.91	3080
11.92	3011
11.93	3050
11.94	3082
11.95	3069
11.96	2993
11.97	3106
11.98	3087
11.99	3043
110.00	2
110.10	1
110.60	1
11005.00	1
110050.40	1
110284.00	1
111.00	1
112.01	1
112.50	1
115.00	1
116.00	1
116.50	1
117.00	2
118.00	1
118.20	1
11800000.00	2
11800001.00	2
11800005.00	1
11800318.00	1
119.10	1
119.60	1
12.00	40375
12.01	3030
12.02	3143
12.03	2973
12.04	3006
12.05	2988
12.06	3000
12.07	3024
12.08	2899
12.09	2868
12.10	28933
12.11	2887
12.12	2890
12.13	2899
12.14	2808
12.15	2785
12.16	2796
12.17	2785
12.18	2746
12.19	2735
12.20	27503
12.21	2733
12.22	2644
12.23	2737
12.24	2663
12.25	2594
12.26	2674
12.27	2684
12.28	2643
12.29	2513
12.30	25641
12.31	2587
12.32	2527
12.33	2407
12.34	2563
12.35	2524
12.36	2576
12.37	2404
12.38	2493
12.39	2441
12.40	24081
12.41	2442
12.42	2297
12.43	2427
12.44	2381
12.45	2345
12.46	2333
12.47	2290
12.48	2315
12.49	2196
12.50	22721
12.51	2261
12.52	2258
12.53	2221
12.54	2190
12.55	2187
12.56	2266
12.57	2244
12.58	2115
12.59	2181
12.60	21177
12.61	2083
12.62	2205
12.63	2084
12.64	2060
12.65	2064
12.66	2099
12.67	1972
12.68	1962
12.69	2071
12.70	19986
12.71	2033
12.72	1965
12.73	1956
12.74	1965
12.75	1908
12.76	1942
12.77	1913
12.78	1929
12.79	1840
12.80	19017
12.81	1867
12.82	1933
12.83	1941
12.84	1870
12.85	1874
12.86	1938
12.87	1767
12.88	1874
12.89	1829
12.90	18235
12.91	1819
12.92	1815
12.93	1747
12.94	1719
12.95	1785
12.96	1751
12.97	1720
12.98	1739
12.99	1790
120.00	3
120.40	1
120000.60	1
12000000.00	1
12000002.00	1
12000004.00	1
12000018.00	1
12000104.00	1
1200011.00	1
12004.50	1
1200506.20	1
1200507.00	1
121.30	1
121.50	1
122.40	1
12200.50	1
123.20	1
123.70	1
123.80	1
1230083.20	1
12310051.00	1
1231800.00	1
1232.00	1
125.60	1
126.00	1
126.30	1
12730.00	1
12746800.00	1
128.00	1
128.15	1
129	1
129.10	1
13.00	21961
13.01	1695
13.02	1747
13.03	1733
13.04	1694
13.05	1743
13.06	1710
13.07	1669
13.08	1665
13.09	1706
13.10	16207
13.11	1611
13.12	1643
13.13	1687
13.14	1606
13.15	1554
13.16	1588
13.17	1570
13.18	1527
13.19	1532
13.20	15922
13.21	1593
13.22	1519
13.23	1519
13.24	1538
13.25	1545
13.26	1560
13.27	1494
13.28	1514
13.29	1467
13.30	14956
13.31	1540
13.32	1477
13.33	1452
13.34	1452
13.35	1514
13.36	1469
13.37	1506
13.38	1380
13.39	1460
13.40	14834
13.41	1384
13.42	1395
13.43	1489
13.44	1420
13.45	1408
13.46	1391
13.47	1408
13.48	1361
13.49	1454
13.50	13945
13.51	1355
13.52	1392
13.53	1290
13.54	1343
13.55	1386
13.56	1329
13.57	1416
13.58	1306
13.59	1422
13.60	13686
13.61	1354
13.62	1365
13.63	1304
13.64	1331
13.65	1269
13.66	1271
13.67	1282
13.68	1209
13.69	1311
13.70	13332
13.71	1264
13.72	1280
13.73	1316
13.74	1239
13.75	1220
13.76	1261
13.77	1252
13.78	1260
13.79	1324
13.80	12956
13.81	1268
13.82	1229
13.83	1238
13.84	1258
13.85	1260
13.86	1276
13.87	1235
13.88	1223
13.89	1278
13.90	12593
13.91	1262
13.92	1251
13.93	1249
13.94	1270
13.95	1211
13.96	1267
13.97	1222
13.98	1229
13.99	1230
130.00	2
1300.00	1
1300.50	1
13005.00	1
130050.60	1
13005023.00	1
13005043.00	1
1300506.20	1
131.00	1
131.80	1
1313.10	1
132.40	1
1320.60	1
133.70	1
1331800.00	2
1332840.00	1
134.00	1
134.60	1
13480170.00	1
1350.00	1
135005.00	1
138.00	2
139.40	1
14.00	16466
14.01	1200
14.02	1203
14.03	1208
14.04	1241
14.05	1222
14.06	1197
14.07	1202
14.08	1146
14.09	1173
14.10	12011
14.11	1245
14.12	1132
14.13	1143
14.14	1159
14.15	1140
14.16	1149
14.17	1142
14.18	1143
14.19	1136
14.20	11583
14.21	1118
14.22	1108
14.23	1116
14.24	1124
14.25	1164
14.26	1127
14.27	1142
14.28	1084
14.29	1092
14.30	11438
14.31	1141
14.32	1064
14.33	1083
14.34	1097
14.35	1128
14.36	1078
14.37	1127
14.38	1075
14.39	1125
14.40	11454
14.41	1071
14.42	1111
14.43	1153
14.44	1108
14.45	1089
14.46	1099
14.47	1096
14.48	1131
14.49	1048
14.50	11114
14.51	1086
14.52	1025
14.53	1090
14.54	1068
14.55	1047
14.56	1094
14.57	1108
14.58	1067
14.59	1074
14.60	11215
14.61	1064
14.62	1035
14.63	1080
14.64	1091
14.65	1063
14.66	1119
14.67	1030
14.68	1102
14.69	1047
14.70	10956
14.71	1082
14.72	1063
14.73	1101
14.74	1102
14.75	1085
14.76	1021
14.77	1094
14.78	1048
14.79	1137
14.80	10764
14.81	1057
14.82	1081
14.83	998
14.84	1062
14.85	1013
14.86	1011
14.87	1061
14.88	1045
14.89	1026
14.90	10608
14.91	1053
14.92	1012
14.93	1015
14.94	1001
14.95	1032
14.96	1028
14.97	1076
14.98	1043
14.99	1095
14005103.00	1
1400513.20	1
141.00	1
141.20	1
141.60	2
1415002.60	1
142.00	1
142.90	1
1420050.20	1
144.30	1
1440.00	1
145.00	1
14500.50	1
14505332.00	1
146.00	1
146.30	1
1466710.00	1
14680010.00	1
14680016.00	1
14680043.00	1
146801.50	1
14685.60	1
147.50	1
147.70	1
147005.00	1
148011.00	1
14823.00	1
1483.10	1
1485.20	1
15.00	13726
15.01	1102
15.02	1109
15.03	1080
15.04	1071
15.05	1071
15.06	1044
15.07	1123
15.08	1040
15.09	1138
15.10	10869
15.11	1078
15.12	1048
15.13	1052
15.14	1100
15.15	1066
15.16	1101
15.17	1008
15.18	1023
15.19	1097
15.20	10873
15.21	1072
15.22	1092
15.23	1008
15.24	1044
15.25	1054
15.26	1098
15.27	1082
15.28	1144
15.29	1132
15.30	11265
15.31	1073
15.32	1012
15.33	1024
15.34	1146
15.35	1126
15.36	1099
15.37	1136
15.38	1068
15.39	1132
15.40	11549
15.41	1145
15.42	1173
15.43	1206
15.44	1111
15.45	1107
15.46	1177
15.47	1203
15.48	1178
15.49	1188
15.50	11975
15.51	1170
15.52	1170
15.53	1167
15.54	1159
15.55	1139
15.56	1167
15.57	1209
15.58	1199
15.59	1246
15.60	12223
15.61	1184
15.62	1202
15.63	1306
15.64	1229
15.65	1222
15.66	1190
15.67	1246
15.68	1202
15.69	1189
15.70	12804
15.71	1181
15.72	1248
15.73	1238
15.74	1230
15.75	1253
15.76	1270
15.77	1292
15.78	1271
15.79	1285
15.80	13317
15.81	1288
15.82	1291
15.83	1303
15.84	1250
15.85	1383
15.86	1337
15.87	1382
15.88	1334
15.89	1342
15.90	13835
15.91	1304
15.92	1335
15.93	1352
15.94	1358
15.95	1355
15.96	1456
15.97	1371
15.98	1384
15.99	1353
150.00	5
1500.00	1
150004.50	1
1503180.00	1
15038005.00	1
151.00	1
152.00	1
152.80	1
1533180.00	1
15331800.00	1
154.00	1
154.50	1
155.20	1
155.50	1
156.20	1
156.70	1
156.90	1
1566.60	2
15682.20	1
157.10	1
1574.60	1
158.50	1
159.70	2
159.80	2
16.00	19627
16.01	1421
16.02	1395
16.03	1436
16.04	1448
16.05	1516
16.06	1486
16.07	1475
16.08	1446
16.09	1509
16.10	15540
16.11	1588
16.12	1478
16.13	1560
16.14	1532
16.15	1523
16.16	1533
16.17	1540
16.18	1578
16.19	1622
16.20	16149
16.21	1606
16.22	1587
16.23	1543
16.24	1561
16.25	1591
16.26	1583
16.27	1560
16.28	1608
16.29	1609
16.30	16887
16.31	1640
16.32	1605
16.33	1655
16.34	1633
16.35	1669
16.36	1686
16.37	1723
16.38	1718
16.39	1703
16.40	18696
16.41	1745
16.42	1767
16.43	1760
16.44	1687
16.45	1742
16.46	1826
16.47	1768
16.48	1782
16.49	1753
16.50	19150
16.51	1931
16.52	1842
16.53	1786
16.54	1855
16.55	1924
16.56	1870
16.57	1918
16.58	1932
16.59	1927
16.60	20706
16.61	1961
16.62	1992
16.63	2016
16.64	1901
16.65	2036
16.66	1950
16.67	2011
16.68	2078
16.69	2099
16.70	21711
16.71	2174
16.72	2089
16.73	2183
16.74	2146
16.75	2290
16.76	2320
16.77	2243
16.78	2206
16.79	2199
16.80	23453
16.81	2300
16.82	2325
16.83	2272
16.84	2293
16.85	2402
16.86	2387
16.87	2356
16.88	2412
16.89	2441
16.90	24896
16.91	2513
16.92	2522
16.93	2458
16.94	2549
16.95	2523
16.96	2543
16.97	2605
16.98	2586
16.99	2494
160.00	1
160.10	1
1600.00	1
1600000.00	1
161.00	1
161.30	1
162.00	1
162.10	1
162.50	1
162.90	1
163.00	2
163.30	1
163.80	1
164.00	1
164.40	1
165.00	1
165.40	1
165.90	1
1650.00	1
166.00	1
166.10	1
166.40	1
167.00	3
167.50	1
167.70	2
168.00	1
168.80	2
169.00	1
169.20	3
169.50	1
169.90	1
17.00	32860
17.01	2627
17.02	2619
17.03	2684
17.04	2637
17.05	2726
17.06	2671
17.07	2743
17.08	2730
17.09	2612
17.10	27437
17.11	2793
17.12	2690
17.13	2761
17.14	2710
17.15	2805
17.16	2881
17.17	2824
17.18	2841
17.19	2860
17.20	28735
17.21	2924
17.22	2938
17.23	2916
17.24	2980
17.25	3010
17.26	2951
17.27	2940
17.28	3058
17.29	2989
17.30	29593
17.31	3042
17.32	3005
17.33	3087
17.34	3028
17.35	3028
17.36	3178
17.37	3076
17.38	3093
17.39	3126
17.40	30657
17.41	3230
17.42	3180
17.43	3162
17.44	3213
17.45	3175
17.46	3311
17.47	3204
17.48	3177
17.49	3208
17.50	31034
17.51	3229
17.52	3300
17.53	3236
17.54	3189
17.55	3228
17.56	3143
17.57	3212
17.58	3281
17.59	3274
17.60	30909
17.61	3219
17.62	3304
17.63	3251
17.64	3263
17.65	3174
17.66	3339
17.67	3389
17.68	3240
17.69	3258
17.70	30173
17.71	3142
17.72	3266
17.73	3217
17.74	3186
17.75	3175
17.76	3269
17.77	3222
17.78	3191
17.79	3258
17.80	29839
17.81	3128
17.82	3184
17.83	3228
17.84	3143
17.85	3181
17.86	3127
17.87	3156
17.88	3160
17.89	3155
17.90	29045
17.91	3190
17.92	3006
17.93	3103
17.94	3157
17.95	3145
17.96	3118
17.97	2987
17.98	3119
17.99	3093
170.00	2
170.80	1
1700502.00	1
170051.20	1
171.00	2
171.20	1
171.30	2
171.40	1
171.60	1
172.10	1
172.20	1
172.30	3
172.80	2
173.00	1
173.10	1
173.50	1
174.00	3
174.20	1
174.40	1
174.80	1
175.00	3
175.40	1
175.60	1
175.80	1
176.00	2
176.10	1
176.40	1
176.50	1
176.60	1
176.80	1
177.00	3
177.40	1
177.50	1
177.60	2
177.80	1
177.90	1
178.00	3
178.10	1
178.40	1
178.50	1
178.80	1
179.00	2
179.40	1
179.80	1
18.00	36729
18.01	2979
18.02	2985
18.03	3034
18.04	2974
18.05	3069
18.06	2928
18.07	2957
18.08	2904
18.09	2979
18.10	26804
18.11	2944
18.12	2964
18.13	2924
18.14	2798
18.15	2966
18.16	2944
18.17	2916
18.18	2882
18.19	2781
18.20	25091
18.21	2870
18.22	2783
18.23	2784
18.24	2662
18.25	2718
18.26	2661
18.27	2745
18.28	2669
18.29	2760
18.30	23661
18.31	2709
18.32	2589
18.33	2570
18.34	2641
18.35	2583
18.36	2540
18.37	2534
18.38	2547
18.39	2548
18.40	22096
18.41	2532
18.42	2496
18.43	2441
18.44	2469
18.45	2458
18.46	2414
18.47	2354
18.48	2416
18.49	2436
18.50	20964
18.51	2330
18.52	2320
18.53	2307
18.54	2269
18.55	2215
18.56	2212
18.57	2157
18.58	2209
18.59	2214
18.60	20029
18.61	2040
18.62	2187
18.63	2119
18.64	2119
18.65	2109
18.66	2037
18.67	2072
18.68	2180
18.69	2103
18.70	18718
18.71	2069
18.72	1955
18.73	2082
18.74	1980
18.75	1953
18.76	2001
18.77	2001
18.78	1988
18.79	1970
18.80	17925
18.81	1933
18.82	1980
18.83	1938
18.84	1889
18.85	1920
18.86	1998
18.87	1816
18.88	1874
18.89	1852
18.90	17081
18.91	1843
18.92	1864
18.93	1877
18.94	1828
18.95	1850
18.96	1869
18.97	1817
18.98	1784
18.99	1826
180.00	1
180.20	1
180.40	2
180.70	1
1800.00	1
1800504.20	1
180051.00	1
180051.30	1
181.00	1
181.20	2
181.80	1
182.00	2
183.00	1
183.60	1
184.00	1
184.20	2
184.40	1
184.70	1
184.80	1
185.40	1
185.76	1
185.80	1
186.00	2
186.30	1
186.40	2
187.50	1
187.90	1
188.00	3
188.10	1
188.30	1
189.10	1
189.20	2
189.60	1
189.90	1
19.00	20827
19.01	1750
19.02	1764
19.03	1749
19.04	1753
19.05	1804
19.06	1750
19.07	1748
19.08	1666
19.09	1667
19.10	15510
19.11	1710
19.12	1761
19.13	1726
19.14	1747
19.15	1691
19.16	1634
19.17	1736
19.18	1677
19.19	1689
19.20	14632
19.21	1636
19.22	1650
19.23	1603
19.24	1653
19.25	1596
19.26	1676
19.27	1538
19.28	1497
19.29	1545
19.30	13775
19.31	1522
19.32	1579
19.33	1520
19.34	1525
19.35	1574
19.36	1532
19.37	1438
19.38	1412
19.39	1444
19.40	13141
19.41	1431
19.42	1388
19.43	1487
19.44	1422
19.45	1467
19.46	1392
19.47	1414
19.48	1433
19.49	1393
19.50	12267
19.51	1377
19.52	1384
19.53	1390
19.54	1359
19.55	1357
19.56	1321
19.57	1346
19.58	1287
19.59	1341
19.60	11461
19.61	1328
19.62	1228
19.63	1200
19.64	1252
19.65	1177
19.66	1299
19.67	1246
19.68	1196
19.69	1250
19.70	10813
19.71	1194
19.72	1208
19.73	1211
19.74	1199
19.75	1172
19.76	1182
19.77	1173
19.78	1181
19.79	1196
19.80	10319
19.81	1156
19.82	1113
19.83	1218
19.84	1135
19.85	1118
19.86	1117
19.87	1133
19.88	1049
19.89	1066
19.90	9966
19.91	1091
19.92	1097
19.93	1110
19.94	1069
19.95	1077
19.96	977
19.97	1040
19.98	1060
19.99	1030
190.00	1
190.20	1
190.50	1
190.70	1
191.00	2
191.40	1
191.70	1
191.90	2
192.10	1
192.20	2
192.40	1
192.70	1
192.83	1
193.40	1
193.50	1
193.60	1
193.70	1
193.90	1
194.90	1
195.20	1
195.60	1
195.90	1
196.00	1
197.60	1
198.00	1
198.70	1
199.00	1
199.10	1
199.40	1
199.70	1
2	9681532
2.00	1694362
2.01	121119
2.02	120608
2.03	119671
2.04	118895
2.05	118035
2.06	117463
2.07	116733
2.08	115755
2.09	115193
2.10	1212832
2.11	113694
2.12	112258
2.13	111466
2.14	111162
2.15	109981
2.16	108777
2.17	108531
2.18	108167
2.19	107599
2.20	1128999
2.21	105446
2.22	104740
2.23	104087
2.24	102681
2.25	102147
2.26	101317
2.27	101037
2.28	99685
2.29	99125
2.30	1047681
2.31	97906
2.32	97458
2.33	97446
2.34	95825
2.35	95273
2.36	94770
2.37	94021
2.38	93352
2.39	92638
2.40	972755
2.41	91026
2.42	91288
2.43	89195
2.44	89299
2.45	88272
2.46	87677
2.47	87364
2.48	86415
2.49	85863
2.50	910511
2.51	85361
2.52	84778
2.53	84277
2.54	83500
2.55	82604
2.56	82571
2.57	82035
2.58	81326
2.59	80622
2.60	852150
2.61	79852
2.62	78688
2.63	78915
2.64	78041
2.65	77433
2.66	76802
2.67	76501
2.68	75542
2.69	75578
2.70	798077
2.71	74207
2.72	73958
2.73	73499
2.74	73769
2.75	72794
2.76	72401
2.77	71763
2.78	71384
2.79	70204
2.80	750224
2.81	69410
2.82	69463
2.83	69241
2.84	68605
2.85	68500
2.86	66856
2.87	67108
2.88	67038
2.89	66215
2.90	698100
2.91	64746
2.92	64430
2.93	64255
2.94	63746
2.95	63427
2.96	62856
2.97	62789
2.98	61780
2.99	62232
20.00	12737
20.01	1075
20.02	1022
20.03	1034
20.04	1016
20.05	965
20.06	1057
20.07	1043
20.08	999
20.09	1026
20.10	9077
20.11	1021
20.12	1054
20.13	934
20.14	1028
20.15	1022
20.16	1024
20.17	1041
20.18	998
20.19	1009
20.20	9089
20.21	960
20.22	1048
20.23	949
20.24	977
20.25	1015
20.26	961
20.27	972
20.28	921
20.29	942
20.30	8956
20.31	952
20.32	971
20.33	958
20.34	928
20.35	912
20.36	914
20.37	906
20.38	911
20.39	922
20.40	8816
20.41	938
20.42	969
20.43	885
20.44	941
20.45	985
20.46	903
20.47	967
20.48	954
20.49	934
20.50	8507
20.51	871
20.52	959
20.53	940
20.54	923
20.55	908
20.56	913
20.57	894
20.58	870
20.59	875
20.60	8270
20.61	872
20.62	906
20.63	882
20.64	859
20.65	868
20.66	903
20.67	870
20.68	853
20.69	862
20.70	7955
20.71	865
20.72	878
20.73	907
20.74	916
20.75	835
20.76	819
20.77	911
20.78	826
20.79	879
20.80	7749
20.81	824
20.82	814
20.83	812
20.84	837
20.85	868
20.86	767
20.87	847
20.88	836
20.89	790
20.90	7355
20.91	838
20.92	784
20.93	780
20.94	839
20.95	830
20.96	754
20.97	799
20.98	816
20.99	807
200.00	2
200.20	1
200.50	1
2001.90	1
2005023.00	1
200505.30	1
201.30	1
201.40	1
201.70	1
202.00	2
202.20	1
203.40	1
204.40	1
205.20	1
205.90	1
206.40	1
206.60	1
206.80	1
207.70	2
207.80	1
208	4
208.40	3
209.00	1
209.20	1
209.30	1
21.00	9174
21.01	736
21.02	784
21.03	799
21.04	713
21.05	782
21.06	816
21.07	710
21.08	810
21.09	751
21.10	6808
21.11	771
21.12	726
21.13	795
21.14	759
21.15	682
21.16	721
21.17	778
21.18	721
21.19	738
21.20	6610
21.21	736
21.22	722
21.23	684
21.24	741
21.25	717
21.26	729
21.27	725
21.28	708
21.29	653
21.30	6117
21.31	663
21.32	648
21.33	702
21.34	700
21.35	681
21.36	678
21.37	650
21.38	706
21.39	623
21.40	5619
21.41	660
21.42	630
21.43	626
21.44	618
21.45	640
21.46	630
21.47	648
21.48	630
21.49	608
21.50	5391
21.51	586
21.52	575
21.53	571
21.54	632
21.55	577
21.56	565
21.57	604
21.58	608
21.59	552
21.60	4974
21.61	552
21.62	591
21.63	540
21.64	525
21.65	555
21.66	540
21.67	516
21.68	536
21.69	528
21.70	4594
21.71	485
21.72	510
21.73	486
21.74	513
21.75	517
21.76	491
21.77	498
21.78	495
21.79	521
21.80	4338
21.81	441
21.82	497
21.83	485
21.84	483
21.85	483
21.86	457
21.87	511
21.88	461
21.89	446
21.90	3921
21.91	460
21.92	425
21.93	439
21.94	447
21.95	400
21.96	423
21.97	401
21.98	454
21.99	444
210.00	2
210.90	1
2100507.20	2
211.10	1
211.20	1
211.40	1
212.40	1
213.40	1
2139.50	1
214.00	1
215.70	1
2150400.00	1
216.10	1
216.20	1
216.40	1
216.80	1
217.00	1
217.10	1
217.30	1
217.73	1
218.10	1
219.20	1
219.60	1
219.90	1
22.00	5256
22.01	432
22.02	392
22.03	409
22.04	423
22.05	378
22.06	407
22.07	427
22.08	376
22.09	390
22.10	3355
22.11	379
22.12	441
22.13	421
22.14	369
22.15	380
22.16	371
22.17	350
22.18	375
22.19	349
22.20	3020
22.21	343
22.22	330
22.23	340
22.24	330
22.25	332
22.26	336
22.27	322
22.28	322
22.29	361
22.30	2783
22.31	333
22.32	245
22.33	321
22.34	321
22.35	309
22.36	291
22.37	320
22.38	316
22.39	294
22.40	2496
22.41	290
22.42	290
22.43	290
22.44	248
22.45	258
22.46	258
22.47	268
22.48	259
22.49	255
22.50	2357
22.51	261
22.52	245
22.53	214
22.54	231
22.55	255
22.56	241
22.57	244
22.58	268
22.59	221
22.60	2132
22.61	227
22.62	235
22.63	240
22.64	192
22.65	213
22.66	198
22.67	215
22.68	236
22.69	224
22.70	1886
22.71	219
22.72	195
22.73	186
22.74	198
22.75	219
22.76	200
22.77	226
22.78	231
22.79	182
22.80	1754
22.81	202
22.82	210
22.83	220
22.84	206
22.85	183
22.86	189
22.87	164
22.88	176
22.89	186
22.90	1702
22.91	176
22.92	192
22.93	173
22.94	186
22.95	199
22.96	177
22.97	180
22.98	175
22.99	154
220.00	2
220.90	1
22005.00	1
221.00	1
222.00	1
222.10	1
222.50	2
223.50	1
223.70	1
224.00	1
225.00	2
225.20	1
226.70	1
23.00	2066
23.01	163
23.02	158
23.03	152
23.04	191
23.05	170
23.06	144
23.07	163
23.08	152
23.09	168
23.10	1400
23.11	152
23.12	160
23.13	158
23.14	146
23.15	150
23.16	158
23.17	142
23.18	141
23.19	138
23.20	1311
23.21	145
23.22	117
23.23	137
23.24	148
23.25	136
23.26	149
23.27	116
23.28	131
23.29	137
23.30	1309
23.31	152
23.32	129
23.33	134
23.34	154
23.35	132
23.36	138
23.37	139
23.38	129
23.39	134
23.40	1199
23.41	106
23.42	140
23.43	116
23.44	126
23.45	106
23.46	102
23.47	97
23.48	120
23.49	120
23.50	1142
23.51	112
23.52	118
23.53	117
23.54	120
23.55	121
23.56	109
23.57	94
23.58	119
23.59	119
23.60	1095
23.61	136
23.62	107
23.63	124
23.64	110
23.65	103
23.66	123
23.67	101
23.68	114
23.69	107
23.70	1057
23.71	104
23.72	132
23.73	124
23.74	93
23.75	107
23.76	115
23.77	119
23.78	94
23.79	95
23.80	947
23.81	93
23.82	116
23.83	98
23.84	111
23.85	100
23.86	92
23.87	96
23.88	98
23.89	99
23.90	968
23.91	118
23.92	110
23.93	109
23.94	120
23.95	101
23.96	111
23.97	96
23.98	88
23.99	93
230.20	1
2300000.00	1
23005.00	1
232.80	1
236.50	1
237.60	1
238.20	1
238.80	1
239.50	1
24.00	1246
24.01	98
24.02	99
24.03	88
24.04	89
24.05	93
24.06	102
24.07	95
24.08	105
24.09	81
24.10	876
24.11	92
24.12	97
24.13	99
24.14	94
24.15	98
24.16	97
24.17	85
24.18	95
24.19	90
24.20	813
24.21	82
24.22	109
24.23	89
24.24	73
24.25	113
24.26	74
24.27	91
24.28	81
24.29	93
24.30	738
24.31	104
24.32	70
24.33	73
24.34	64
24.35	77
24.36	61
24.37	82
24.38	77
24.39	63
24.40	720
24.41	94
24.42	77
24.43	79
24.44	85
24.45	72
24.46	76
24.47	77
24.48	72
24.49	78
24.50	702
24.51	81
24.52	74
24.53	60
24.54	84
24.55	59
24.56	70
24.57	70
24.58	69
24.59	67
24.60	716
24.61	81
24.62	74
24.63	66
24.64	90
24.65	76
24.66	85
24.67	68
24.68	56
24.69	65
24.70	640
24.71	64
24.72	54
24.73	81
24.74	86
24.75	64
24.76	63
24.77	78
24.78	50
24.79	70
24.80	611
24.81	67
24.82	68
24.83	72
24.84	69
24.85	55
24.86	69
24.87	70
24.88	83
24.89	56
24.90	634
24.91	58
24.92	61
24.93	64
24.94	61
24.95	60
24.96	72
24.97	59
24.98	73
24.99	66
240.00	2
245.00	2
245.99	1
248.90	1
25.00	729
25.01	56
25.02	75
25.03	56
25.04	64
25.05	60
25.06	61
25.07	63
25.08	56
25.09	66
25.10	576
25.11	50
25.12	56
25.13	59
25.14	49
25.15	64
25.16	47
25.17	43
25.18	59
25.19	52
25.20	563
25.21	64
25.22	58
25.23	45
25.24	70
25.25	72
25.26	59
25.27	57
25.28	61
25.29	55
25.30	547
25.31	52
25.32	61
25.33	47
25.34	58
25.35	55
25.36	47
25.37	60
25.38	63
25.39	43
25.40	549
25.41	55
25.42	51
25.43	54
25.44	53
25.45	55
25.46	43
25.47	77
25.48	55
25.49	48
25.50	538
25.51	52
25.52	38
25.53	51
25.54	50
25.55	51
25.56	52
25.57	52
25.58	45
25.59	54
25.60	526
25.61	52
25.62	67
25.63	58
25.64	63
25.65	46
25.66	57
25.67	57
25.68	53
25.69	66
25.70	473
25.71	39
25.72	44
25.73	49
25.74	54
25.75	39
25.76	54
25.77	53
25.78	53
25.79	38
25.80	540
25.81	48
25.82	63
25.83	44
25.84	60
25.85	35
25.86	37
25.87	55
25.88	50
25.89	50
25.90	500
25.91	61
25.92	45
25.93	48
25.94	49
25.95	43
25.96	54
25.97	49
25.98	50
25.99	41
250.00	1
2500.50	1
25000.00	1
250000.00	1
254.70	1
25400.00	1
255	1
26.00	669
26.01	47
26.02	47
26.03	46
26.04	46
26.05	44
26.06	56
26.07	47
26.08	59
26.09	54
26.10	479
26.11	48
26.12	40
26.13	49
26.14	56
26.15	49
26.16	52
26.17	49
26.18	47
26.19	60
26.20	494
26.21	41
26.22	57
26.23	32
26.24	49
26.25	51
26.26	39
26.27	47
26.28	53
26.29	46
26.30	487
26.31	61
26.32	51
26.33	58
26.34	37
26.35	38
26.36	48
26.37	55
26.38	55
26.39	40
26.40	456
26.41	66
26.42	47
26.43	49
26.44	45
26.45	42
26.46	49
26.47	56
26.48	37
26.49	44
26.50	449
26.51	38
26.52	31
26.53	54
26.54	39
26.55	61
26.56	45
26.57	42
26.58	35
26.59	49
26.60	455
26.61	52
26.62	38
26.63	54
26.64	45
26.65	38
26.66	54
26.67	47
26.68	40
26.69	44
26.70	450
26.71	35
26.72	48
26.73	37
26.74	42
26.75	46
26.76	45
26.77	36
26.78	43
26.79	50
26.80	455
26.81	39
26.82	31
26.83	45
26.84	49
26.85	42
26.86	42
26.87	44
26.88	41
26.89	35
26.90	385
26.91	47
26.92	52
26.93	36
26.94	48
26.95	43
26.96	36
26.97	22
26.98	37
26.99	47
260.00	1
2600509.20	1
268.00	1
27.00	487
27.01	36
27.02	36
27.03	33
27.04	41
27.05	34
27.06	37
27.07	45
27.08	46
27.09	32
27.10	391
27.11	31
27.12	43
27.13	23
27.14	24
27.15	23
27.16	35
27.17	41
27.18	37
27.19	43
27.20	351
27.21	37
27.22	35
27.23	39
27.24	32
27.25	26
27.26	32
27.27	44
27.28	39
27.29	34
27.30	387
27.31	27
27.32	41
27.33	32
27.34	28
27.35	34
27.36	33
27.37	32
27.38	39
27.39	38
27.40	391
27.41	43
27.42	41
27.43	28
27.44	37
27.45	38
27.46	45
27.47	36
27.48	37
27.49	24
27.50	337
27.51	37
27.52	42
27.53	46
27.54	26
27.55	36
27.56	42
27.57	34
27.58	36
27.59	25
27.60	394
27.61	31
27.62	35
27.63	40
27.64	41
27.65	34
27.66	23
27.67	29
27.68	33
27.69	37
27.70	374
27.71	32
27.72	37
27.73	39
27.74	35
27.75	44
27.76	34
27.77	42
27.78	42
27.79	30
27.80	452
27.81	41
27.82	37
27.83	50
27.84	34
27.85	38
27.86	38
27.87	38
27.88	42
27.89	45
27.90	399
27.91	35
27.92	39
27.93	46
27.94	33
27.95	38
27.96	40
27.97	26
27.98	34
27.99	39
272.90	1
275.80	1
28.00	537
28.01	32
28.02	35
28.03	38
28.04	38
28.05	44
28.06	31
28.07	37
28.08	36
28.09	44
28.10	471
28.11	46
28.12	44
28.13	43
28.14	50
28.15	49
28.16	38
28.17	36
28.18	37
28.19	46
28.20	421
28.21	48
28.22	30
28.23	51
28.24	38
28.25	43
28.26	44
28.27	37
28.28	44
28.29	30
28.30	407
28.31	31
28.32	41
28.33	23
28.34	38
28.35	32
28.36	36
28.37	50
28.38	50
28.39	45
28.40	334
28.41	33
28.42	35
28.43	36
28.44	36
28.45	45
28.46	40
28.47	24
28.48	35
28.49	46
28.50	369
28.51	27
28.52	44
28.53	38
28.54	31
28.55	42
28.56	44
28.57	31
28.58	30
28.59	30
28.60	355
28.61	41
28.62	35
28.63	41
28.64	39
28.65	34
28.66	40
28.67	28
28.68	40
28.69	31
28.70	299
28.71	21
28.72	32
28.73	39
28.74	39
28.75	37
28.76	25
28.77	32
28.78	32
28.79	30
28.80	335
28.81	24
28.82	27
28.83	32
28.84	29
28.85	28
28.86	27
28.87	27
28.88	26
28.89	32
28.90	307
28.91	32
28.92	39
28.93	34
28.94	30
28.95	32
28.96	38
28.97	32
28.98	19
28.99	22
280.50	1
2800.50	2
2840.00	1
28400.00	3
2840000.00	2
288703.90	1
29.00	352
29.01	29
29.02	28
29.03	23
29.04	27
29.05	29
29.06	24
29.07	25
29.08	17
29.09	24
29.10	253
29.11	25
29.12	30
29.13	23
29.14	29
29.15	23
29.16	32
29.17	25
29.18	35
29.19	25
29.20	255
29.21	23
29.22	18
29.23	23
29.24	27
29.25	20
29.26	31
29.27	19
29.28	22
29.29	25
29.30	232
29.31	34
29.32	13
29.33	24
29.34	18
29.35	20
29.36	14
29.37	23
29.38	24
29.39	27
29.40	205
29.41	19
29.42	20
29.43	12
29.44	18
29.45	25
29.46	19
29.47	26
29.48	15
29.49	22
29.50	199
29.51	12
29.52	18
29.53	22
29.54	23
29.55	25
29.56	19
29.57	30
29.58	26
29.59	18
29.60	210
29.61	21
29.62	19
29.63	20
29.64	22
29.65	21
29.66	22
29.67	19
29.68	13
29.69	25
29.70	211
29.71	17
29.72	30
29.73	21
29.74	28
29.75	22
29.76	22
29.77	13
29.78	18
29.79	25
29.80	215
29.81	26
29.82	18
29.83	22
29.84	14
29.85	19
29.86	10
29.87	17
29.88	12
29.89	15
29.90	200
29.91	25
29.92	15
29.93	15
29.94	25
29.95	14
29.96	16
29.97	17
29.98	18
29.99	18
29005.00	1
290051.40	1
296.50	1
3	2956489
3.00	817758
3.01	61224
3.02	60818
3.03	60167
3.04	59665
3.05	59686
3.06	59419
3.07	58740
3.08	58079
3.09	58202
3.10	614909
3.11	57063
3.12	57024
3.13	56508
3.14	56414
3.15	55474
3.16	55598
3.17	55415
3.18	55021
3.19	54228
3.20	575616
3.21	53695
3.22	53531
3.23	53339
3.24	53249
3.25	52759
3.26	52398
3.27	52005
3.28	51434
3.29	51341
3.30	543550
3.31	50470
3.32	50263
3.33	49913
3.34	49951
3.35	49263
3.36	49049
3.37	49283
3.38	48692
3.39	47904
3.40	510270
3.41	47758
3.42	47400
3.43	47263
3.44	46945
3.45	46617
3.46	46433
3.47	46255
3.48	45594
3.49	45182
3.50	479017
3.51	44927
3.52	44167
3.53	44013
3.54	43676
3.55	43666
3.56	43096
3.57	43086
3.58	42856
3.59	42840
3.60	452126
3.61	42155
3.62	42018
3.63	41817
3.64	41244
3.65	41420
3.66	41285
3.67	40595
3.68	40258
3.69	40179
3.70	422246
3.71	39379
3.72	39158
3.73	38911
3.74	38816
3.75	38734
3.76	38378
3.77	37876
3.78	38094
3.79	37400
3.80	396506
3.81	37273
3.82	36677
3.83	36659
3.84	36326
3.85	35840
3.86	35733
3.87	35247
3.88	35605
3.89	35206
3.90	373868
3.91	35123
3.92	34898
3.93	34510
3.94	33999
3.95	33991
3.96	33793
3.97	33869
3.98	33461
3.99	33575
30.00	290
30.01	22
30.02	21
30.03	13
30.04	18
30.05	22
30.06	19
30.07	13
30.08	12
30.09	11
30.10	191
30.11	13
30.12	19
30.13	15
30.14	12
30.15	16
30.16	27
30.17	14
30.18	15
30.19	18
30.20	182
30.21	15
30.22	20
30.23	12
30.24	13
30.25	18
30.26	16
30.27	20
30.28	13
30.29	20
30.30	187
30.31	16
30.32	20
30.33	17
30.34	19
30.35	19
30.36	14
30.37	12
30.38	21
30.39	21
30.40	159
30.41	12
30.42	7
30.43	18
30.44	17
30.45	20
30.46	21
30.47	15
30.48	13
30.49	18
30.50	159
30.51	15
30.52	15
30.53	10
30.54	13
30.55	10
30.56	9
30.57	24
30.58	18
30.59	14
30.60	163
30.61	13
30.62	8
30.63	11
30.64	12
30.65	16
30.66	18
30.67	17
30.68	12
30.69	14
30.70	161
30.71	21
30.72	17
30.73	9
30.74	11
30.75	8
30.76	12
30.77	18
30.78	15
30.79	12
30.80	119
30.81	10
30.82	16
30.83	14
30.84	14
30.85	12
30.86	11
30.87	15
30.88	10
30.89	16
30.90	141
30.91	13
30.92	16
30.93	12
30.94	12
30.95	15
30.96	11
30.97	12
30.98	11
30.99	7
300.50	2
300.60	1
300.80	1
3005013.20	1
3008.30	1
30083.00	1
3008331.80	1
302.00	1
303.00	1
304.70	1
305.80	1
31.00	198
31.01	20
31.02	14
31.03	20
31.04	9
31.05	13
31.06	13
31.07	20
31.08	12
31.09	10
31.10	133
31.11	12
31.12	13
31.13	12
31.14	13
31.15	10
31.16	15
31.17	13
31.18	17
31.19	4
31.20	140
31.21	20
31.22	12
31.23	15
31.24	16
31.25	13
31.26	13
31.27	19
31.28	14
31.29	14
31.30	137
31.31	20
31.32	19
31.33	16
31.34	10
31.35	12
31.36	17
31.37	12
31.38	14
31.39	13
31.40	144
31.41	13
31.42	11
31.43	8
31.44	14
31.45	9
31.46	10
31.47	18
31.48	14
31.49	17
31.50	123
31.51	13
31.52	8
31.53	4
31.54	9
31.55	15
31.56	13
31.57	10
31.58	8
31.59	7
31.60	143
31.61	13
31.62	13
31.63	18
31.64	17
31.65	15
31.66	11
31.67	18
31.68	16
31.69	12
31.70	154
31.71	10
31.72	8
31.73	9
31.74	15
31.75	8
31.76	12
31.77	12
31.78	15
31.79	14
31.80	157
31.81	13
31.82	9
31.83	12
31.84	15
31.85	16
31.86	15
31.87	11
31.88	11
31.89	18
31.90	115
31.91	20
31.92	5
31.93	6
31.94	19
31.95	8
31.96	13
31.97	10
31.98	7
31.99	12
3100300.00	1
3107.30	1
313.20	1
317.20	1
318.00	6
3180.00	1
31800.00	1
318000.00	5
3180000.00	6
3180000.20	1
318116.60	1
3199.80	1
32.00	191
32.01	14
32.02	15
32.03	10
32.04	7
32.05	9
32.06	19
32.07	12
32.08	10
32.09	10
32.10	133
32.11	11
32.12	7
32.13	7
32.14	14
32.15	18
32.16	16
32.17	13
32.18	8
32.19	13
32.20	126
32.21	8
32.22	15
32.23	8
32.24	23
32.25	13
32.26	12
32.27	11
32.28	13
32.29	8
32.30	133
32.31	13
32.32	4
32.33	14
32.34	13
32.35	13
32.36	16
32.37	14
32.38	15
32.39	14
32.40	119
32.41	12
32.42	9
32.43	15
32.44	18
32.45	9
32.46	14
32.47	10
32.48	8
32.49	10
32.50	128
32.51	10
32.52	9
32.53	5
32.54	13
32.55	15
32.56	18
32.57	6
32.58	8
32.59	8
32.60	116
32.61	12
32.62	6
32.63	8
32.64	13
32.65	7
32.66	7
32.67	6
32.68	7
32.69	14
32.70	128
32.71	10
32.72	6
32.73	9
32.74	12
32.75	13
32.76	11
32.77	9
32.78	13
32.79	11
32.80	123
32.81	15
32.82	16
32.83	7
32.84	13
32.85	13
32.86	11
32.87	15
32.88	12
32.89	9
32.90	91
32.91	18
32.92	8
32.93	6
32.94	14
32.95	12
32.96	8
32.97	15
32.98	7
32.99	11
323.60	1
3284000.00	1
33.00	148
33.01	11
33.02	5
33.03	5
33.04	11
33.05	14
33.06	11
33.07	7
33.08	11
33.09	9
33.10	124
33.11	8
33.12	8
33.13	9
33.14	8
33.15	10
33.16	11
33.17	13
33.18	10
33.19	6
33.20	102
33.21	13
33.22	9
33.23	9
33.24	4
33.25	7
33.26	12
33.27	12
33.28	9
33.29	4
33.30	112
33.31	18
33.32	10
33.33	13
33.34	8
33.35	7
33.36	11
33.37	4
33.38	13
33.39	13
33.40	115
33.41	11
33.42	13
33.43	17
33.44	8
33.45	12
33.46	11
33.47	12
33.48	13
33.49	11
33.50	112
33.51	9
33.52	6
33.53	5
33.54	13
33.55	7
33.56	12
33.57	12
33.58	12
33.59	7
33.60	98
33.61	11
33.62	10
33.63	13
33.64	5
33.65	10
33.66	4
33.67	11
33.68	9
33.69	10
33.70	90
33.71	7
33.72	6
33.73	6
33.74	9
33.75	6
33.76	9
33.77	11
33.78	6
33.79	7
33.80	94
33.81	8
33.82	10
33.83	10
33.84	7
33.85	9
33.86	7
33.87	8
33.88	8
33.89	8
33.90	99
33.91	15
33.92	12
33.93	7
33.94	10
33.95	7
33.96	13
33.97	9
33.98	11
33.99	12
330.10	1
3300.00	1
330050.40	1
3300506.20	1
33180.00	1
3318000.00	2
3331800.00	1
335.90	1
34.00	141
34.01	8
34.02	7
34.03	13
34.04	10
34.05	8
34.06	3
34.07	11
34.08	16
34.09	11
34.10	103
34.11	11
34.12	4
34.13	9
34.14	10
34.15	8
34.16	10
34.17	9
34.18	10
34.19	9
34.20	106
34.21	11
34.22	8
34.23	12
34.24	6
34.25	11
34.26	7
34.27	16
34.28	13
34.29	4
34.30	94
34.31	8
34.32	9
34.33	11
34.34	6
34.35	9
34.36	11
34.37	11
34.38	20
34.39	11
34.40	90
34.41	6
34.42	6
34.43	14
34.44	16
34.45	7
34.46	10
34.47	12
34.48	11
34.49	5
34.50	82
34.51	8
34.52	9
34.53	6
34.54	17
34.55	10
34.56	10
34.57	8
34.58	14
34.59	8
34.60	92
34.61	9
34.62	5
34.63	8
34.64	15
34.65	12
34.66	6
34.67	10
34.68	18
34.69	5
34.70	86
34.71	10
34.72	11
34.73	20
34.74	11
34.75	10
34.76	8
34.77	6
34.78	9
34.79	10
34.80	98
34.81	12
34.82	7
34.83	13
34.84	9
34.85	3
34.86	8
34.87	8
34.88	7
34.89	7
34.90	77
34.91	8
34.92	10
34.93	12
34.94	11
34.95	9
34.96	15
34.97	13
34.98	10
34.99	11
35.00	97
35.01	14
35.02	8
35.03	15
35.04	9
35.05	13
35.06	11
35.07	8
35.08	11
35.09	8
35.10	95
35.11	8
35.12	9
35.13	7
35.14	11
35.15	6
35.16	6
35.17	8
35.18	8
35.19	10
35.20	82
35.21	5
35.22	7
35.23	17
35.24	4
35.25	8
35.26	9
35.27	13
35.28	6
35.29	7
35.30	88
35.31	15
35.32	5
35.33	9
35.34	8
35.35	12
35.36	4
35.37	9
35.38	14
35.39	13
35.40	88
35.41	10
35.42	8
35.43	7
35.44	6
35.45	11
35.46	6
35.47	6
35.48	10
35.49	7
35.50	106
35.51	6
35.52	13
35.53	10
35.54	16
35.55	13
35.56	10
35.57	8
35.58	7
35.59	9
35.60	74
35.61	5
35.62	8
35.63	15
35.64	2
35.65	8
35.66	7
35.67	9
35.68	8
35.69	10
35.70	73
35.71	11
35.72	6
35.73	8
35.74	5
35.75	16
35.76	6
35.77	8
35.78	6
35.79	6
35.80	87
35.81	5
35.82	8
35.83	8
35.84	13
35.85	10
35.86	9
35.87	8
35.88	5
35.89	15
35.90	74
35.91	6
35.92	11
35.93	9
35.94	8
35.95	12
35.96	9
35.97	11
35.98	4
35.99	8
350.00	1
350000.00	1
350050.20	1
351.00	1
36.00	93
36.01	9
36.02	4
36.03	13
36.04	6
36.05	10
36.06	13
36.07	10
36.08	7
36.09	4
36.10	88
36.11	12
36.12	9
36.13	4
36.14	10
36.15	10
36.16	17
36.17	6
36.18	9
36.19	8
36.20	82
36.21	8
36.22	8
36.23	10
36.24	9
36.25	8
36.26	6
36.27	7
36.28	11
36.29	7
36.30	81
36.31	8
36.32	9
36.33	8
36.34	11
36.35	13
36.36	6
36.37	11
36.38	7
36.39	7
36.40	94
36.41	11
36.42	11
36.43	7
36.44	10
36.45	7
36.46	7
36.47	3
36.48	13
36.49	6
36.50	87
36.51	10
36.52	7
36.53	4
36.54	9
36.55	11
36.56	8
36.57	8
36.58	5
36.59	12
36.60	78
36.61	9
36.62	8
36.63	3
36.64	8
36.65	8
36.66	7
36.67	8
36.68	6
36.69	8
36.70	70
36.71	6
36.72	13
36.73	9
36.74	13
36.75	11
36.76	3
36.77	6
36.78	10
36.79	5
36.80	63
36.81	9
36.82	10
36.83	2
36.84	6
36.85	5
36.86	9
36.87	6
36.88	4
36.89	6
36.90	54
36.91	10
36.92	5
36.93	4
36.94	9
36.95	4
36.96	4
36.97	7
36.98	2
36.99	7
365.60	1
366.60	1
3666747.00	1
36674.30	1
3674720.00	1
37.00	92
37.01	10
37.02	9
37.03	5
37.04	8
37.05	10
37.06	10
37.07	7
37.08	7
37.09	9
37.10	67
37.11	5
37.12	5
37.13	3
37.14	9
37.15	3
37.16	5
37.17	9
37.18	8
37.19	8
37.20	64
37.21	3
37.22	8
37.23	5
37.24	8
37.25	12
37.26	5
37.27	4
37.28	6
37.29	5
37.30	54
37.31	3
37.32	3
37.33	3
37.34	10
37.35	7
37.36	2
37.37	8
37.38	5
37.39	6
37.40	52
37.41	4
37.42	6
37.43	8
37.44	5
37.45	7
37.46	7
37.47	4
37.48	3
37.49	8
37.50	70
37.51	3
37.52	5
37.53	7
37.54	10
37.55	6
37.56	6
37.57	5
37.58	5
37.59	11
37.60	51
37.61	4
37.62	6
37.63	4
37.64	2
37.65	3
37.66	3
37.67	5
37.68	6
37.69	4
37.70	54
37.71	3
37.72	4
37.73	5
37.74	3
37.75	6
37.76	3
37.77	3
37.78	4
37.79	10
37.80	59
37.81	7
37.82	8
37.83	7
37.84	7
37.85	7
37.86	7
37.87	3
37.88	6
37.89	5
37.90	54
37.91	3
37.92	12
37.93	8
37.94	4
37.95	6
37.96	3
37.97	8
37.98	2
37.99	8
375.60	1
38.00	68
38.01	6
38.02	8
38.03	11
38.04	8
38.05	6
38.06	6
38.07	5
38.08	8
38.09	5
38.10	52
38.11	1
38.12	7
38.13	6
38.14	8
38.15	2
38.16	5
38.17	6
38.18	8
38.19	3
38.20	55
38.21	2
38.22	6
38.23	4
38.24	6
38.25	4
38.26	8
38.27	8
38.28	6
38.29	9
38.30	38
38.31	1
38.32	1
38.33	7
38.34	5
38.35	9
38.36	2
38.37	5
38.38	3
38.39	4
38.40	53
38.41	2
38.42	7
38.43	8
38.44	3
38.45	3
38.46	6
38.47	2
38.48	5
38.49	5
38.50	42
38.51	8
38.52	5
38.53	7
38.54	4
38.55	4
38.56	5
38.57	5
38.58	5
38.59	1
38.60	52
38.61	5
38.62	3
38.63	4
38.64	3
38.65	5
38.66	6
38.67	1
38.68	2
38.69	6
38.70	44
38.71	4
38.72	4
38.73	4
38.74	5
38.75	2
38.76	2
38.77	4
38.78	3
38.79	4
38.80	41
38.81	5
38.82	2
38.83	3
38.84	7
38.85	3
38.86	4
38.87	6
38.88	7
38.89	6
38.90	33
38.91	3
38.92	6
38.93	2
38.94	4
38.95	7
38.96	4
38.97	6
38.98	4
38.99	3
38005.00	1
39.00	59
39.01	4
39.02	5
39.03	3
39.04	1
39.05	2
39.06	2
39.07	5
39.08	5
39.09	5
39.10	46
39.11	7
39.12	2
39.14	3
39.15	7
39.16	7
39.17	3
39.18	4
39.19	5
39.20	39
39.21	6
39.22	4
39.23	2
39.24	2
39.25	3
39.26	8
39.27	6
39.28	5
39.29	10
39.30	26
39.31	5
39.32	3
39.33	2
39.34	1
39.35	5
39.36	6
39.37	1
39.38	4
39.39	3
39.40	45
39.41	3
39.42	3
39.43	4
39.44	2
39.45	5
39.46	2
39.47	5
39.48	1
39.49	4
39.50	64
39.51	3
39.52	6
39.53	5
39.54	4
39.55	5
39.56	2
39.57	3
39.58	3
39.59	4
39.60	49
39.61	3
39.62	3
39.63	2
39.64	4
39.65	4
39.66	4
39.67	3
39.68	6
39.69	5
39.70	35
39.71	3
39.72	8
39.74	5
39.75	3
39.76	3
39.77	1
39.78	1
39.79	2
39.80	38
39.81	3
39.82	1
39.83	5
39.84	5
39.85	3
39.86	5
39.87	5
39.88	5
39.89	5
39.90	46
39.91	5
39.93	3
39.94	3
39.95	5
39.96	3
39.97	4
39.98	5
39.99	3
4	1428362
4.00	461411
4.01	33308
4.02	32849
4.03	32406
4.04	31958
4.05	32293
4.06	31777
4.07	31598
4.08	31458
4.09	31608
4.10	332706
4.11	31193
4.12	30813
4.13	30590
4.14	30264
4.15	30460
4.16	30200
4.17	29957
4.18	29668
4.19	29550
4.20	315690
4.21	29485
4.22	29419
4.23	29021
4.24	29220
4.25	29069
4.26	28452
4.27	28631
4.28	28553
4.29	28108
4.30	297772
4.31	27587
4.32	27462
4.33	27399
4.34	27252
4.35	27058
4.36	27016
4.37	26640
4.38	26671
4.39	26253
4.40	281240
4.41	26145
4.42	26154
4.43	25689
4.44	25343
4.45	25469
4.46	25524
4.47	25399
4.48	25363
4.49	24960
4.50	267661
4.51	25168
4.52	24933
4.53	24937
4.54	24547
4.55	24612
4.56	24037
4.57	24080
4.58	24238
4.59	23813
4.60	255558
4.61	23766
4.62	23474
4.63	23745
4.64	23294
4.65	23247
4.66	23122
4.67	22964
4.68	22909
4.69	22779
4.70	244670
4.71	22912
4.72	22606
4.73	22265
4.74	22570
4.75	22178
4.76	22315
4.77	22205
4.78	22156
4.79	21817
4.80	234043
4.81	22007
4.82	21751
4.83	21394
4.84	21408
4.85	21360
4.86	21376
4.87	21174
4.88	21203
4.89	21050
4.90	223809
4.91	20752
4.92	20611
4.93	20808
4.94	20660
4.95	20368
4.96	20255
4.97	20003
4.98	20272
4.99	20050
40.00	68
40.01	3
40.02	2
40.03	1
40.04	2
40.05	2
40.06	6
40.07	2
40.08	3
40.09	3
40.10	49
40.11	4
40.12	2
40.13	4
40.14	4
40.15	4
40.16	7
40.19	5
40.20	24
40.21	3
40.22	3
40.23	4
40.24	1
40.25	6
40.26	2
40.27	2
40.28	4
40.29	7
40.30	34
40.31	5
40.32	4
40.33	3
40.34	2
40.35	3
40.36	2
40.37	3
40.38	6
40.39	4
40.40	43
40.41	6
40.42	2
40.43	7
40.44	4
40.45	3
40.46	3
40.47	4
40.48	4
40.49	4
40.50	44
40.51	3
40.52	2
40.54	5
40.55	3
40.56	4
40.57	2
40.58	2
40.59	3
40.60	44
40.61	4
40.62	2
40.63	4
40.64	6
40.65	2
40.66	5
40.67	4
40.68	3
40.69	4
40.70	26
40.71	2
40.72	8
40.73	8
40.74	3
40.75	5
40.76	2
40.77	3
40.78	4
40.79	3
40.80	32
40.81	2
40.82	5
40.83	1
40.84	5
40.85	2
40.86	3
40.87	5
40.88	1
40.89	1
40.90	23
40.91	2
40.92	3
40.93	3
40.94	3
40.95	2
40.96	6
40.98	6
40.99	4
400.00	2
400.40	1
400.50	2
4000.00	1
4000010.50	1
40005.00	1
4000500.00	1
40050.60	1
402.00	1
405.60	1
41.00	39
41.01	5
41.02	4
41.03	6
41.04	2
41.06	4
41.07	2
41.08	5
41.09	3
41.10	51
41.11	3
41.12	1
41.13	1
41.14	1
41.15	2
41.16	2
41.17	1
41.18	7
41.19	3
41.20	28
41.22	4
41.23	3
41.24	5
41.25	2
41.26	2
41.27	1
41.28	5
41.29	4
41.30	28
41.31	3
41.32	4
41.33	4
41.34	1
41.35	4
41.36	3
41.37	2
41.38	6
41.39	3
41.40	45
41.41	3
41.42	1
41.43	3
41.44	4
41.45	6
41.46	4
41.47	1
41.48	1
41.49	7
41.50	40
41.51	4
41.52	2
41.53	1
41.54	1
41.55	3
41.56	1
41.57	2
41.58	1
41.59	6
41.60	38
41.61	3
41.62	2
41.63	4
41.64	1
41.65	3
41.66	3
41.67	5
41.68	3
41.69	2
41.70	31
41.71	2
41.72	4
41.73	3
41.74	2
41.75	1
41.76	4
41.77	2
41.78	4
41.79	6
41.80	31
41.81	4
41.82	2
41.83	1
41.84	1
41.86	2
41.88	3
41.89	5
41.90	34
41.91	1
41.92	2
41.93	3
41.94	4
41.95	1
41.97	3
41.98	4
41.99	2
419500.00	1
42.00	49
42.01	2
42.03	2
42.04	2
42.05	3
42.06	1
42.07	3
42.08	1
42.09	3
42.10	30
42.11	4
42.12	3
42.13	1
42.14	1
42.15	2
42.17	3
42.18	2
42.19	4
42.20	38
42.22	2
42.23	1
42.24	3
42.25	3
42.27	4
42.28	2
42.29	2
42.30	33
42.31	3
42.32	1
42.33	1
42.34	4
42.35	2
42.36	2
42.37	1
42.38	1
42.39	1
42.40	24
42.41	3
42.42	2
42.44	1
42.45	3
42.46	5
42.47	1
42.48	5
42.49	1
42.50	38
42.51	2
42.52	1
42.53	2
42.54	2
42.56	1
42.57	1
42.58	3
42.59	2
42.60	28
42.61	1
42.62	1
42.63	4
42.64	1
42.65	3
42.67	2
42.68	3
42.69	2
42.70	24
42.71	2
42.72	2
42.73	1
42.74	2
42.76	1
42.77	2
42.78	1
42.79	2
42.80	21
42.81	1
42.82	3
42.83	2
42.84	5
42.85	2
42.86	2
42.87	4
42.88	1
42.90	28
42.91	1
42.93	3
42.94	2
42.95	1
42.96	1
42.97	1
42.98	2
42.99	3
4200180.00	1
4202.00	1
4203746.50	1
4206.00	1
427.00	1
43.00	33
43.01	2
43.03	3
43.04	2
43.05	4
43.06	1
43.07	2
43.08	2
43.10	22
43.11	2
43.12	1
43.13	2
43.14	2
43.16	1
43.17	1
43.20	26
43.21	2
43.22	1
43.23	1
43.24	3
43.25	6
43.26	4
43.27	2
43.28	1
43.29	3
43.30	33
43.31	2
43.32	1
43.33	2
43.35	2
43.36	5
43.37	3
43.38	4
43.39	2
43.40	25
43.41	4
43.43	1
43.44	1
43.45	3
43.46	3
43.47	3
43.48	1
43.49	2
43.50	33
43.52	1
43.54	1
43.55	2
43.56	1
43.57	2
43.58	2
43.60	20
43.61	2
43.62	1
43.63	1
43.64	2
43.65	2
43.66	4
43.67	3
43.68	1
43.69	2
43.70	27
43.71	4
43.72	1
43.73	4
43.74	2
43.75	2
43.76	1
43.77	1
43.78	1
43.79	2
43.80	22
43.82	2
43.83	1
43.84	1
43.86	4
43.87	3
43.89	2
43.90	17
43.91	3
43.92	1
43.94	1
43.95	1
43.99	1
43003.20	1
437.30	1
438.60	1
44.00	34
44.02	2
44.05	2
44.07	1
44.09	3
44.10	27
44.11	2
44.12	1
44.13	2
44.14	4
44.16	2
44.17	1
44.19	1
44.20	23
44.21	3
44.23	1
44.25	2
44.26	2
44.27	1
44.28	1
44.30	20
44.31	2
44.32	1
44.33	1
44.34	1
44.35	1
44.36	1
44.37	1
44.38	1
44.39	2
44.40	18
44.43	2
44.44	1
44.45	1
44.46	1
44.48	2
44.49	2
44.50	23
44.51	2
44.52	2
44.53	1
44.54	1
44.55	2
44.57	1
44.58	1
44.60	26
44.61	2
44.62	1
44.63	2
44.64	2
44.65	3
44.66	2
44.68	1
44.70	18
44.71	1
44.72	3
44.73	2
44.74	1
44.75	1
44.76	1
44.77	1
44.78	1
44.80	15
44.81	1
44.82	2
44.83	2
44.84	1
44.85	4
44.86	2
44.87	2
44.88	1
44.90	25
44.91	4
44.92	3
44.93	1
44.95	3
44.96	1
44.99	2
442.00	2
444.20	1
45.00	38
45.01	6
45.02	1
45.03	2
45.04	1
45.05	2
45.06	1
45.07	1
45.08	1
45.09	1
45.10	18
45.12	1
45.13	1
45.15	1
45.17	1
45.18	2
45.19	1
45.20	17
45.21	1
45.22	2
45.23	2
45.24	1
45.25	2
45.26	1
45.27	3
45.28	1
45.29	3
45.30	19
45.31	1
45.32	1
45.33	3
45.34	1
45.35	1
45.36	2
45.37	2
45.38	1
45.39	1
45.40	17
45.42	1
45.43	1
45.45	2
45.46	2
45.47	1
45.50	16
45.51	2
45.52	2
45.53	1
45.54	6
45.55	1
45.56	3
45.57	2
45.58	1
45.59	3
45.60	15
45.61	1
45.64	3
45.66	5
45.67	3
45.68	1
45.70	22
45.71	1
45.72	1
45.73	5
45.76	2
45.77	1
45.79	1
45.80	16
45.83	3
45.85	2
45.87	1
45.90	24
45.91	3
45.92	4
45.93	2
45.94	2
45.97	1
45.98	3
45.99	1
450.00	1
45000.00	2
4500000.00	1
46.00	25
46.02	2
46.04	2
46.06	3
46.07	3
46.10	18
46.11	1
46.12	4
46.14	1
46.16	1
46.17	1
46.18	4
46.19	1
46.20	21
46.21	2
46.22	1
46.24	1
46.25	1
46.29	2
46.30	17
46.32	1
46.33	4
46.34	1
46.35	1
46.36	1
46.38	1
46.39	1
46.40	20
46.41	2
46.42	3
46.43	1
46.45	1
46.47	2
46.48	2
46.49	1
46.50	13
46.51	1
46.55	2
46.56	1
46.60	23
46.61	2
46.62	1
46.63	2
46.64	2
46.65	1
46.69	1
46.70	23
46.72	1
46.74	1
46.77	1
46.78	2
46.80	22
46.81	1
46.82	4
46.88	2
46.90	18
46.92	3
46.93	1
46.94	2
46.95	4
46.98	1
462.20	1
47.00	17
47.02	2
47.03	1
47.04	1
47.08	1
47.09	1
47.10	14
47.11	1
47.13	4
47.16	2
47.18	1
47.19	1
47.20	13
47.21	2
47.22	1
47.23	4
47.27	1
47.28	2
47.29	2
47.30	12
47.31	1
47.32	2
47.34	2
47.37	1
47.38	1
47.40	24
47.41	2
47.43	3
47.46	2
47.48	3
47.49	2
47.50	23
47.51	2
47.52	1
47.54	2
47.55	2
47.56	2
47.57	1
47.58	2
47.59	1
47.60	15
47.61	2
47.62	1
47.64	2
47.65	1
47.66	1
47.67	2
47.70	19
47.71	1
47.72	1
47.73	2
47.74	1
47.75	1
47.76	2
47.78	1
47.79	1
47.80	21
47.82	3
47.84	1
47.86	3
47.87	2
47.88	3
47.90	16
47.91	1
47.92	1
47.94	1
47.95	1
47.97	2
47.98	2
4700507.00	1
478.40	1
48.00	27
48.01	2
48.02	1
48.04	1
48.06	1
48.07	2
48.08	1
48.10	13
48.11	2
48.12	1
48.13	1
48.15	1
48.16	1
48.17	1
48.18	1
48.19	3
48.20	15
48.21	1
48.22	1
48.24	2
48.26	1
48.30	14
48.32	1
48.33	1
48.34	4
48.35	2
48.39	1
48.40	12
48.41	1
48.43	1
48.44	1
48.45	1
48.50	10
48.52	2
48.53	2
48.55	1
48.56	2
48.57	1
48.58	2
48.59	2
48.60	13
48.61	1
48.63	2
48.64	1
48.70	22
48.71	3
48.73	1
48.74	2
48.76	1
48.79	2
48.80	13
48.81	1
48.82	1
48.83	1
48.84	2
48.85	1
48.86	1
48.87	3
48.88	1
48.89	1
48.90	20
48.91	1
48.92	1
48.94	2
48.95	1
48.99	1
485.40	1
49.00	21
49.01	2
49.02	1
49.03	1
49.04	1
49.05	1
49.07	1
49.08	1
49.09	2
49.10	16
49.12	1
49.13	3
49.15	1
49.16	1
49.17	1
49.19	1
49.20	9
49.22	1
49.23	1
49.30	8
49.31	1
49.32	1
49.33	1
49.35	1
49.36	1
49.39	1
49.40	20
49.44	1
49.46	1
49.48	1
49.49	3
49.50	19
49.51	1
49.52	2
49.53	2
49.55	2
49.56	1
49.57	1
49.59	1
49.60	20
49.63	1
49.64	1
49.67	2
49.68	1
49.69	2
49.70	11
49.71	2
49.76	2
49.80	16
49.81	1
49.82	2
49.83	2
49.85	1
49.90	6
49.95	1
49.97	1
4900.50	1
5	4086598
5.00	267202
5.01	20032
5.02	19814
5.03	19786
5.04	19595
5.05	19409
5.06	19437
5.07	19473
5.08	19310
5.09	19193
5.10	204844
5.11	19249
5.12	19244
5.13	18713
5.14	18899
5.15	18595
5.16	18669
5.17	18522
5.18	18611
5.19	18257
5.20	196161
5.21	18497
5.22	18309
5.23	18020
5.24	18146
5.25	17950
5.26	17699
5.27	17768
5.28	17796
5.29	17558
5.30	186710
5.31	17491
5.32	17476
5.33	17252
5.34	17162
5.35	17221
5.36	16923
5.37	17162
5.38	16929
5.39	16778
5.40	177403
5.41	16624
5.42	16501
5.43	16298
5.44	16467
5.45	16410
5.46	16076
5.47	15962
5.48	16032
5.49	15932
5.50	168718
5.51	15693
5.52	15672
5.53	15764
5.54	15409
5.55	15420
5.56	15574
5.57	15340
5.58	15035
5.59	15400
5.60	161211
5.61	14989
5.62	15219
5.63	14841
5.64	14671
5.65	14573
5.66	14569
5.67	14679
5.68	14527
5.69	14474
5.70	153637
5.71	14368
5.72	14427
5.73	14460
5.74	13865
5.75	14248
5.76	14149
5.77	14015
5.78	13905
5.79	13905
5.80	147216
5.81	13893
5.82	13858
5.83	13888
5.84	13370
5.85	13565
5.86	13384
5.87	13471
5.88	13398
5.89	13191
5.90	140357
5.91	13273
5.92	13052
5.93	13114
5.94	12952
5.95	13037
5.96	12820
5.97	13109
5.98	12872
5.99	12697
50.00	58
50.02	1
50.04	1
50.06	1
50.07	2
50.08	2
50.10	12
50.12	1
50.13	3
50.15	1
50.16	1
50.17	1
50.18	1
50.20	13
50.22	1
50.23	1
50.26	1
50.29	1
50.30	16
50.32	3
50.33	1
50.34	2
50.35	1
50.37	2
50.38	2
50.39	2
50.40	18
50.41	1
50.42	5
50.43	1
50.45	2
50.46	2
50.47	1
50.48	2
50.49	2
50.50	16
50.52	1
50.53	3
50.58	1
50.59	1
50.60	25
50.62	4
50.65	2
50.66	1
50.67	1
50.68	1
50.69	1
50.70	13
50.71	1
50.72	1
50.73	2
50.77	1
50.78	1
50.79	1
50.80	10
50.81	1
50.83	1
50.87	1
50.88	2
50.89	2
50.90	12
50.91	1
50.93	1
50.95	1
50.97	1
500.00	22
500.50	2
500.70	1
500.80	1
500.90	1
5000.00	2
500000.00	2
5000000.00	2
5000511.00	1
50033.10	3
500332.00	1
5005.00	1
500501.00	1
5005013.00	1
5005073.00	1
501.60	1
50133.00	1
501331.80	1
501332.00	1
502.80	1
5023318.00	1
503.20	1
5031800.00	1
5033318.00	1
50432.80	1
50433.10	1
5043318.00	2
5053.00	1
5053.20	1
50533.00	1
5063.20	1
50633.10	1
5063318.00	1
5073284.00	1
50733.10	1
507331.80	2
50833.00	1
50933.10	1
5093318.00	1
51.00	24
51.02	2
51.03	1
51.06	1
51.07	1
51.10	11
51.14	1
51.16	1
51.20	16
51.21	2
51.22	1
51.25	1
51.27	1
51.28	1
51.29	2
51.30	12
51.31	1
51.33	2
51.34	1
51.36	1
51.39	1
51.40	14
51.42	1
51.43	2
51.44	1
51.45	1
51.49	2
51.50	13
51.51	1
51.52	1
51.54	2
51.56	1
51.58	2
51.59	1
51.60	17
51.62	4
51.64	1
51.65	1
51.68	1
51.70	17
51.71	1
51.73	2
51.75	1
51.78	1
51.80	18
51.81	1
51.82	1
51.86	1
51.87	1
51.88	1
51.89	1
51.90	13
51.92	1
51.93	1
51.96	2
510.20	1
51033.00	1
51232.80	1
512331.80	2
5123318.00	2
5133318.00	2
514.30	1
51428.00	1
514331.80	1
5143318.00	1
514332.00	1
515328.40	1
51533.00	1
515331.80	1
515566.60	1
518.00	1
52.00	33
52.01	1
52.04	1
52.09	2
52.10	7
52.13	1
52.14	2
52.17	1
52.19	1
52.20	22
52.21	1
52.23	1
52.26	1
52.27	1
52.30	7
52.31	2
52.32	1
52.33	1
52.34	3
52.36	1
52.38	1
52.39	1
52.40	13
52.41	1
52.42	1
52.44	1
52.45	2
52.50	13
52.52	1
52.54	1
52.59	1
52.60	11
52.61	1
52.66	2
52.67	1
52.68	1
52.69	2
52.70	12
52.75	1
52.76	1
52.77	1
52.79	1
52.80	10
52.81	1
52.84	2
52.85	1
52.87	1
52.89	5
52.90	7
52.92	1
52.95	2
52.97	1
52.98	2
52.99	1
522133.00	1
527.00	1
529.60	1
53.00	15
53.01	1
53.02	1
53.05	2
53.06	1
53.07	3
53.10	8
53.11	2
53.12	3
53.13	1
53.14	1
53.15	1
53.16	1
53.19	1
53.20	11
53.21	1
53.22	1
53.25	1
53.28	1
53.29	1
53.30	12
53.31	1
53.40	8
53.44	1
53.46	1
53.47	1
53.49	1
53.50	11
53.51	1
53.58	1
53.60	13
53.62	3
53.64	2
53.70	8
53.73	1
53.75	2
53.77	1
53.78	1
53.79	1
53.80	9
53.84	1
53.85	2
53.88	1
53.90	16
53.91	2
53.99	1
533180.00	4
5331800.00	2
536.70	1
54.00	20
54.03	1
54.06	1
54.08	1
54.09	2
54.10	4
54.11	2
54.13	1
54.14	2
54.15	1
54.17	1
54.18	2
54.19	1
54.20	13
54.21	1
54.27	1
54.30	9
54.33	1
54.35	1
54.36	1
54.37	1
54.38	1
54.40	14
54.48	1
54.49	2
54.50	8
54.55	1
54.56	1
54.57	1
54.59	2
54.60	8
54.63	1
54.68	1
54.70	12
54.75	1
54.76	1
54.77	2
54.79	1
54.80	11
54.83	1
54.87	2
54.90	12
54.96	1
54.97	1
54.98	3
55.00	24
55.07	1
55.08	1
55.09	1
55.10	8
55.16	1
55.18	1
55.20	11
55.23	1
55.24	1
55.25	1
55.26	1
55.30	8
55.32	1
55.34	2
55.36	2
55.37	1
55.38	1
55.39	4
55.40	6
55.42	3
55.43	2
55.46	4
55.50	6
55.52	1
55.53	1
55.56	1
55.60	6
55.61	1
55.62	1
55.68	1
55.70	10
55.72	1
55.73	1
55.77	1
55.78	1
55.80	6
55.81	1
55.82	2
55.88	1
55.89	1
55.90	8
55.91	1
55.93	1
55.94	1
5500511.00	1
56.00	8
56.01	1
56.03	2
56.04	1
56.06	1
56.08	1
56.10	11
56.12	1
56.15	2
56.18	1
56.19	1
56.20	10
56.21	2
56.23	1
56.27	3
56.28	1
56.29	2
56.30	7
56.31	1
56.33	1
56.34	1
56.36	1
56.37	1
56.39	1
56.40	7
56.44	1
56.45	1
56.46	1
56.47	1
56.50	4
56.51	1
56.52	1
56.53	2
56.55	1
56.57	2
56.59	1
56.60	8
56.62	2
56.65	1
56.70	8
56.71	2
56.72	1
56.77	1
56.79	1
56.80	7
56.85	1
56.86	1
56.89	2
56.90	4
56.91	1
56.93	1
56.94	1
564.30	1
57.00	14
57.02	1
57.07	1
57.09	2
57.10	4
57.11	1
57.16	2
57.17	1
57.18	1
57.20	6
57.22	2
57.23	1
57.24	2
57.25	1
57.28	1
57.30	6
57.33	2
57.34	1
57.37	1
57.40	3
57.44	1
57.47	2
57.50	7
57.56	1
57.58	1
57.60	3
57.64	1
57.66	1
57.67	2
57.69	2
57.70	5
57.71	1
57.78	1
57.79	1
57.80	12
57.82	1
57.88	1
57.89	1
57.90	6
57.92	1
57.98	3
58.00	13
58.04	1
58.10	8
58.11	1
58.14	1
58.20	9
58.22	2
58.23	1
58.28	1
58.29	2
58.30	12
58.33	1
58.36	2
58.40	5
58.45	1
58.50	8
58.55	1
58.59	2
58.60	14
58.61	2
58.62	1
58.63	1
58.64	1
58.68	1
58.69	1
58.70	6
58.71	1
58.72	1
58.75	1
58.78	2
58.79	1
58.80	12
58.83	1
58.85	1
58.86	1
58.87	1
58.90	7
58.97	1
582331.80	1
59.00	5
59.01	2
59.06	1
59.08	1
59.10	4
59.20	7
59.21	1
59.22	1
59.30	5
59.32	1
59.34	2
59.35	2
59.38	1
59.40	4
59.45	1
59.50	9
59.52	1
59.57	1
59.59	2
59.60	9
59.64	1
59.67	1
59.68	1
59.70	2
59.73	1
59.74	1
59.80	2
59.81	1
59.87	2
59.90	5
59.94	2
59.95	1
59.99	1
5900.50	1
6	2701075
6.00	176943
6.01	12671
6.02	12405
6.03	12471
6.04	12527
6.05	12440
6.06	12617
6.07	12179
6.08	12300
6.09	12432
6.10	128848
6.11	12307
6.12	11969
6.13	12069
6.14	11926
6.15	11733
6.16	11942
6.17	11939
6.18	11694
6.19	11719
6.20	123147
6.21	11490
6.22	11467
6.23	11399
6.24	11302
6.25	11180
6.26	11252
6.27	11170
6.28	11137
6.29	11004
6.30	117850
6.31	11064
6.32	11106
6.33	10961
6.34	10853
6.35	11021
6.36	10803
6.37	10614
6.38	10734
6.39	10768
6.40	112808
6.41	10722
6.42	10671
6.43	10554
6.44	10374
6.45	10448
6.46	10431
6.47	10495
6.48	10323
6.49	10221
6.50	107290
6.51	10326
6.52	10161
6.53	10020
6.54	9963
6.55	9904
6.56	9900
6.57	9857
6.58	9761
6.59	9690
6.60	102712
6.61	9682
6.62	9584
6.63	9547
6.64	9472
6.65	9299
6.66	9421
6.67	9327
6.68	9379
6.69	9372
6.70	98185
6.71	9410
6.72	9135
6.73	9212
6.74	9136
6.75	9154
6.76	9050
6.77	9006
6.78	8963
6.79	9024
6.80	94707
6.81	8898
6.82	8865
6.83	8849
6.84	8842
6.85	8692
6.86	8730
6.87	8722
6.88	8638
6.89	8774
6.90	91073
6.91	8598
6.92	8657
6.93	8492
6.94	8523
6.95	8572
6.96	8418
6.97	8125
6.98	8216
6.99	8112
60.00	25
60.05	1
60.06	1
60.07	1
60.08	1
60.10	2
60.13	1
60.14	2
60.15	1
60.16	1
60.20	8
60.24	1
60.28	1
60.30	4
60.33	1
60.38	2
60.39	1
60.40	5
60.43	1
60.48	1
60.50	5
60.54	1
60.60	4
60.61	1
60.70	6
60.73	1
60.74	1
60.75	1
60.76	1
60.77	1
60.79	2
60.80	5
60.90	7
600.00	1
600.50	1
600.90	1
60000.00	1
6000000.00	1
600003.20	1
600100.50	1
6005.00	2
60050.00	1
600501.00	1
6005123.00	1
601.00	1
602.00	1
61.00	9
61.01	1
61.08	1
61.09	1
61.10	5
61.20	9
61.23	1
61.24	1
61.28	1
61.30	6
61.40	4
61.45	1
61.49	1
61.50	7
61.51	1
61.55	1
61.56	2
61.57	1
61.60	1
61.63	1
61.64	1
61.70	5
61.71	1
61.80	5
61.83	1
61.85	1
61.87	1
61.90	4
61.95	1
62.00	6
62.10	5
62.19	1
62.20	4
62.21	1
62.22	1
62.29	1
62.30	8
62.38	1
62.40	4
62.44	1
62.50	6
62.56	1
62.60	4
62.61	1
62.64	1
62.70	3
62.73	1
62.76	2
62.79	1
62.80	3
62.85	1
62.86	1
62.90	3
62.95	1
62.98	1
62.99	1
6208420.50	1
6231800.00	1
63.00	8
63.08	3
63.10	11
63.12	1
63.20	4
63.22	1
63.27	1
63.30	4
63.40	4
63.45	1
63.50	2
63.60	3
63.65	1
63.68	2
63.69	1
63.70	4
63.80	6
63.90	4
63.94	1
63.95	1
63318.00	1
6331800.00	2
6380051.00	1
64.00	5
64.06	1
64.10	3
64.17	1
64.20	5
64.23	1
64.29	1
64.30	6
64.31	1
64.36	1
64.38	1
64.40	3
64.50	3
64.60	4
64.62	1
64.70	8
64.72	1
64.78	1
64.79	1
64.80	7
64.90	5
6405.00	1
65.00	5
65.01	1
65.02	1
65.10	4
65.18	1
65.19	1
65.20	3
65.23	1
65.30	3
65.32	1
65.33	1
65.40	7
65.50	1
65.55	1
65.57	1
65.60	2
65.64	1
65.69	1
65.70	2
65.73	1
65.80	4
65.81	1
65.90	2
652.30	1
66.00	7
66.06	1
66.10	7
66.20	6
66.24	1
66.25	1
66.30	2
66.37	1
66.40	5
66.43	1
66.45	1
66.50	6
66.60	6
66.62	1
66.66	1
66.70	3
66.78	1
66.80	6
66.90	2
66.99	1
666.60	1
666746.00	1
6674.60	2
6674681.00	1
667470.00	1
67.00	10
67.05	1
67.10	1
67.12	1
67.13	1
67.20	5
67.24	1
67.32	1
67.40	1
67.50	4
67.53	2
67.60	4
67.76	1
67.77	1
67.80	4
67.84	1
67.97	1
670051.40	1
674.30	1
6746.30	1
6746133.00	1
6746833.00	1
674687.20	1
6746929.00	1
6747.80	1
6747240.00	1
6752050.00	1
6752505.50	1
68.00	12
68.10	3
68.18	1
68.20	1
68.26	1
68.30	3
68.40	5
68.49	1
68.50	4
68.51	1
68.52	1
68.54	1
68.60	3
68.70	2
68.72	1
68.76	2
68.80	2
68.82	1
68.90	4
68.92	1
68.95	1
6800000.50	1
6800006.00	1
6800040.00	1
6805033.00	1
6805400.00	1
6823007.00	1
69.00	3
69.06	1
69.10	3
69.20	2
69.25	1
69.30	3
69.31	1
69.40	2
69.44	1
69.49	1
69.50	1
69.56	2
69.60	5
69.67	1
69.70	7
69.80	3
69.91	1
6900507.50	1
7	23
7.00	109159
7.01	8059
7.02	8254
7.03	8086
7.04	8116
7.05	8077
7.06	8005
7.07	8015
7.08	7791
7.09	7893
7.10	82878
7.11	7747
7.12	7641
7.13	7688
7.14	7654
7.15	7820
7.16	7647
7.17	7554
7.18	7519
7.19	7408
7.20	79081
7.21	7561
7.22	7494
7.23	7488
7.24	7398
7.25	7334
7.26	7394
7.27	7319
7.28	7127
7.29	7158
7.30	77033
7.31	7186
7.32	7177
7.33	7307
7.34	7118
7.35	7250
7.36	7202
7.37	7093
7.38	7172
7.39	7081
7.40	74886
7.41	7070
7.42	7218
7.43	7078
7.44	6987
7.45	7005
7.46	6979
7.47	6977
7.48	6881
7.49	6753
7.50	73157
7.51	6851
7.52	6723
7.53	6914
7.54	6737
7.55	6846
7.56	6743
7.57	6660
7.58	6612
7.59	6677
7.60	71226
7.61	6677
7.62	6673
7.63	6639
7.64	6841
7.65	6558
7.66	6423
7.67	6594
7.68	6425
7.69	6480
7.70	68857
7.71	6511
7.72	6485
7.73	6559
7.74	6386
7.75	6570
7.76	6384
7.77	6308
7.78	6391
7.79	6456
7.80	66294
7.81	6330
7.82	6126
7.83	6278
7.84	6092
7.85	6201
7.86	6146
7.87	6170
7.88	6141
7.89	6160
7.90	65480
7.91	6109
7.92	6125
7.93	6088
7.94	6036
7.95	6222
7.96	6120
7.97	6058
7.98	6142
7.99	6237
70.00	14
70.01	1
70.05	1
70.10	1
70.20	1
70.30	3
70.40	3
70.50	2
70.58	1
70.60	3
70.65	1
70.70	4
70.72	1
70.74	1
70.79	1
70.80	4
70.83	1
7000511.00	1
70050.20	1
700503.30	1
701.70	1
71.00	5
71.02	1
71.06	1
71.10	4
71.18	1
71.20	2
71.30	1
71.35	1
71.40	3
71.42	2
71.45	1
71.50	1
71.57	1
71.60	5
71.70	7
71.75	1
71.80	4
71.83	1
71.90	3
71.96	1
72.00	9
72.10	1
72.20	1
72.29	1
72.30	3
72.34	1
72.40	4
72.45	1
72.50	4
72.60	1
72.62	1
72.64	1
72.70	9
72.80	6
72.83	1
72.90	2
72.99	1
72005.00	1
7250033.00	1
73.00	4
73.06	1
73.10	4
73.12	1
73.20	3
73.25	1
73.30	3
73.40	2
73.51	1
73.60	6
73.70	5
73.80	3
73.90	3
73.92	1
73.94	1
73.97	1
73023.20	1
733180.00	1
74.00	6
74.10	1
74.20	4
74.27	1
74.29	1
74.30	3
74.31	1
74.40	4
74.50	4
74.51	1
74.60	2
74.70	3
74.73	1
74.80	5
74.94	1
7436805.00	1
7454.00	1
7468.00	1
746807.00	1
7472.20	1
7473013.00	1
75.00	5
75.10	2
75.15	1
75.16	1
75.20	3
75.30	4
75.40	1
75.50	4
75.60	2
75.63	1
75.75	1
75.80	3
75.90	2
7520502.50	1
76.00	6
76.01	1
76.10	3
76.15	1
76.20	4
76.30	2
76.40	1
76.50	1
76.58	1
76.60	2
76.65	1
76.70	3
76.80	1
76.83	1
76.90	2
76.98	1
77.00	3
77.10	3
77.11	1
77.15	1
77.20	1
77.30	1
77.36	1
77.40	1
77.45	1
77.50	1
77.59	1
77.60	1
77.67	1
77.70	2
77.80	3
77.90	1
77005.00	1
78.00	4
78.10	3
78.20	2
78.30	2
78.32	1
78.40	4
78.50	3
78.70	1
78.80	4
78.90	4
79.00	7
79.10	1
79.17	1
79.20	1
79.30	4
79.39	1
79.44	1
79.52	1
79.58	1
79.60	1
79.70	4
79.86	1
79.95	1
790.00	1
8	16
8.00	87714
8.01	6124
8.02	6219
8.03	6206
8.04	6205
8.05	6334
8.06	6174
8.07	6355
8.08	6236
8.09	6368
8.10	66572
8.11	6250
8.12	6316
8.13	6226
8.14	6208
8.15	6297
8.16	6168
8.17	6316
8.18	6254
8.19	6374
8.20	65923
8.21	6105
8.22	6301
8.23	6416
8.24	6222
8.25	6232
8.26	6183
8.27	6194
8.28	6179
8.29	6182
8.30	65018
8.31	6082
8.32	6175
8.33	6259
8.34	6332
8.35	6291
8.36	6159
8.37	6045
8.38	6183
8.39	6234
8.40	65454
8.41	6172
8.42	6145
8.43	6047
8.44	6138
8.45	6286
8.46	6259
8.47	6237
8.48	6193
8.49	6255
8.50	66190
8.51	6175
8.52	6308
8.53	6234
8.54	6214
8.55	6277
8.56	6183
8.57	6409
8.58	6365
8.59	6382
8.60	66944
8.61	6241
8.62	6413
8.63	6320
8.64	6340
8.65	6375
8.66	6253
8.67	6392
8.68	6455
8.69	6295
8.70	67519
8.71	6382
8.72	6433
8.73	6493
8.74	6463
8.75	6386
8.76	6544
8.77	6481
8.78	6495
8.79	6460
8.80	68218
8.81	6506
8.82	6495
8.83	6505
8.84	6450
8.85	6438
8.86	6613
8.87	6429
8.88	6542
8.89	6528
8.90	68191
8.91	6578
8.92	6497
8.93	6601
8.94	6496
8.95	6557
8.96	6524
8.97	6566
8.98	6506
8.99	6551
80.00	13
80.10	4
80.18	1
80.20	3
80.30	4
80.40	4
80.41	1
80.50	6
80.60	7
80.69	1
80.70	3
80.80	3
80.90	4
800.00	2
800.90	1
8000.00	1
8000.60	1
800000.00	1
8000000.50	1
8000002.00	1
8000003.50	1
8000004.00	1
8000005.00	1
8000007.00	1
800001.20	1
8000011.00	1
8000012.50	1
8000014.50	1
800003.60	1
800005.00	1
8000052.00	1
8000079.00	1
80001.00	1
8000600.50	1
8004700.50	1
8005.00	2
8005053.00	1
80051.30	1
8006300.50	1
801.00	1
8045.40	1
8050633.00	1
807.30	1
807.40	1
8083.00	1
809.60	1
8095.00	1
81.00	10
81.10	3
81.14	1
81.20	1
81.38	1
81.40	1
81.50	6
81.60	5
81.70	2
81.73	1
81.80	2
81.90	3
8100.90	1
8140050.00	1
82.00	1
82.01	1
82.07	1
82.10	2
82.21	1
82.30	3
82.40	1
82.50	3
82.60	1
82.70	2
82.80	1
82.82	1
82.90	1
8214.00	1
83.00	1
83.10	2
83.13	1
83.14	1
83.20	1
83.30	4
83.40	5
83.50	1
83.60	3
83.70	1
83.80	1
83.83	1
83.90	4
831.80	1
83180.00	1
833180.00	1
8331800.00	2
84.00	8
84.02	1
84.10	2
84.20	4
84.21	1
84.36	1
84.40	2
84.50	2
84.55	1
84.60	1
84.70	1
84.95	1
8400001.00	1
85.00	3
85.08	1
85.10	3
85.20	2
85.22	1
85.30	3
85.40	5
85.41	1
85.44	1
85.50	2
85.70	1
85.76	1
85.80	4
85.90	2
8504332.00	1
853.00	1
855.00	1
86.00	4
86.10	3
86.20	2
86.50	1
86.60	1
86.70	3
86.80	2
8600.00	1
86029.00	1
862.30	1
87.00	4
87.10	2
87.20	1
87.28	1
87.30	4
87.40	2
87.50	1
87.60	1
87.70	1
87.80	1
87.90	1
88.00	6
88.10	1
88.40	1
88.50	1
88.60	2
88.62	1
88.80	1
88.90	1
8800004.00	1
8810002.00	1
89.00	1
89.05	1
89.10	2
89.40	2
89.55	1
89.60	3
89.80	2
89.90	1
9	21
9.00	86171
9.01	6519
9.02	6543
9.03	6561
9.04	6618
9.05	6624
9.06	6627
9.07	6545
9.08	6754
9.09	6499
9.10	68635
9.11	6560
9.12	6673
9.13	6693
9.14	6616
9.15	6580
9.16	6476
9.17	6678
9.18	6611
9.19	6572
9.20	68425
9.21	6742
9.22	6577
9.23	6527
9.24	6594
9.25	6361
9.26	6749
9.27	6470
9.28	6497
9.29	6570
9.30	67772
9.31	6556
9.32	6622
9.33	6505
9.34	6479
9.35	6476
9.36	6497
9.37	6434
9.38	6388
9.39	6407
9.40	66214
9.41	6510
9.42	6319
9.43	6350
9.44	6371
9.45	6373
9.46	6236
9.47	6411
9.48	6227
9.49	6258
9.50	65654
9.51	6175
9.52	6138
9.53	6294
9.54	6163
9.55	6278
9.56	6393
9.57	6233
9.58	6124
9.59	6364
9.60	63878
9.61	6115
9.62	6203
9.63	6117
9.64	6081
9.65	6173
9.66	6100
9.67	6164
9.68	6279
9.69	6230
9.70	64171
9.71	6144
9.72	6201
9.73	6144
9.74	6127
9.75	6176
9.76	6038
9.77	6085
9.78	6128
9.79	6116
9.80	63654
9.81	6232
9.82	6116
9.83	6155
9.84	6139
9.85	5969
9.86	6034
9.87	6008
9.88	6090
9.89	6070
9.90	62932
9.91	6033
9.92	6070
9.93	6013
9.94	5957
9.95	5947
9.96	6027
9.97	5936
9.98	5978
9.99	5779
90.00	12
90.10	1
90.20	4
90.40	2
90.50	2
90.60	1
90.61	1
90.63	1
90.70	1
90.80	4
90.90	1
900.50	1
9000.00	1
9005023.00	1
90051.30	1
91.00	4
91.08	1
91.10	1
91.16	1
91.18	1
91.20	3
91.36	1
91.40	3
91.50	1
91.59	1
91.60	2
91.80	2
91.90	2
916.90	1
92.00	2
92.30	1
92.40	1
92.80	1
93.00	1
93.30	3
93.40	2
93.70	1
93.80	1
93.90	3
93.93	1
94.00	3
94.02	1
94.10	2
94.40	2
94.50	2
94.60	1
94.70	1
94.80	2
94.90	1
95.00	3
95.20	2
95.40	3
95.60	1
95.70	2
95.80	1
95.90	1
950000.00	1
95802.00	1
96.00	3
96.02	1
96.10	1
96.40	1
96.60	2
96.80	2
96.90	1
97.00	1
97.07	1
97.10	1
97.12	1
97.20	2
97.30	1
97.40	1
97.80	1
98.00	2
98.20	3
98.30	3
98.40	1
98.70	1
98.80	2
98005.00	1
99.00	5
99.10	1
99.20	2
99.30	1
99.40	1
99.83	1
99.90	1
